   1207039 |   0   0   0   0 |   0   0   0   0 |    -21    121    -56 |    -37    -15    -13 |      0      0      0 | 0  |   |  0  0 0 0  0 0 0 0|| 
count = 1
   1609296 |   0   0   0   0 |   0   0   0   0 |   -143    218   -108 |    -37    -15    -13 |      0      0      0 | 0  |   |  0  0 0 0  0 0 0 0|| 
   2014936 |   0   0   0   0 |   0   0   0   0 |   -238    293   -162 |    -37    -16    -13 |      0      0      0 | 0  |   |  0  0 0 0  0 0 0 0|| 
   2416434 |   0   0   0   0 |   0   0   0   0 |   -306    348   -216 |    -37    -15    -12 |      0      0      0 | 0  |   |  0  0 0 0  0 0 0 0|| 
   2818009 |   0   0   0   0 |   0   0   0   0 |   -357    390   -270 |    -37    -14    -13 |      0      0      0 | 0  |   |  0  0 0 0  0 0 0 0|| 
   3219759 |   0   0   0   0 |   0   0   0   0 |   -394    419   -324 |    -37    -14    -13 |      0      0      0 | 0  |   |  0  0 0 0  0 0 0 0|| 
   3621694 |   0   0   0   0 |   0   0   0   0 |   -422    441   -381 |    -38    -15    -14 |      0      0      0 | 0  |   |  0  0 0 0  0 0 0 0|| 
   4023448 |   0   0   0   0 |   0   0   0   0 |   -442    459   -435 |    -37    -15    -13 |      0      0      0 | 0  |   |  0  0 0 0  0 0 0 0|| 
   4425436 |   0   0   0   0 |   0   0   0   0 |   -456    471   -492 |    -37    -15    -12 |      0      0      0 | 0  |   |  0  0 0 0  0 0 0 0|| 
   4827914 |   0   0   0   0 |   0   0   0   0 |   -469    481   -550 |    -37    -16    -13 |      0      0      0 | 0  |   |  0  0 0 0  0 0 0 0|| 
   5229870 |   0   0   0   0 |   0   0   0   0 |   -479    488   -611 |    -37    -15    -13 |      0      0      0 | 0  |   |  0  0 0 0  0 0 0 0|| 
   5632557 |   0   0   0   0 |   0   0   0   0 |   -486    494   -666 |    -38    -15    -12 |      0      0      0 | 0  |   |  0  0 0 0  0 0 0 0|| 
   6035251 |   0   0   0   0 |   0   0   0   0 |   -493    499   -725 |    -37    -15    -14 |      0      0      0 | 0  |   |  0  0 0 0  0 0 0 0|| 
   6437248 |   0   0   0   0 |   0   0   0   0 |   -498    503   -785 |    -37    -15    -13 |      0      0      0 | 0  |   |  0  0 0 0  0 0 0 0|| 
   6840142 |   0   0   0   0 |   0   0   0   0 |   -501    506   -838 |    -37    -14    -11 |      0      0      0 | 0  |   |  0  0 0 0  0 0 0 0|| 
   7242414 |   0   0   0   0 |   0   0   0   0 |   -502    507   -894 |    -37    -14    -13 |      0      0      0 | 0  |   |  0  0 0 0  0 0 0 0|| 
   7644073 |   0   0   0   0 |   0   0   0   0 |   -503    507   -950 |    -38    -14    -13 |      0      0      0 | 0  |   |  0  0 0 0  0 0 0 0|| 
   8046451 |   0   0   0   0 |   0   0   0   0 |   -504    509  -1009 |    -38    -15    -12 |      0      0      0 | 0  |   |  0  0 0 0  0 0 0 0|| 
   8448981 |   0   0   0   0 |   0   0   0   0 |   -504    510  -1067 |    -37    -15    -13 |      0      0      0 | 0  |   |  0  0 0 0  0 0 0 0|| 
   8851249 |   0   0   0   0 |   0   0   0   0 |   -505    510  -1126 |    -37    -15    -12 |      0      0      0 | 0  |   |  0  0 0 0  0 0 0 0|| 
   9257261 |   0   0   0   0 |   0   0   0   0 |   -506    512  -1185 |    -37    -15    -13 |      0      0      0 | 0  |   |  0  0 0 0  0 0 0 0|| 
   9659329 |   0   0   0   0 |   0   0   0   0 |   -506    512  -1242 |    -37    -15    -13 |      0      0      0 | 0  |   |  0  0 0 0  0 0 0 0|| 
  10060927 |   0   0   0   0 |   0   0   0   0 |   -506    512  -1298 |    -37    -15    -15 |      0      0      0 | 0  |   |  0  0 0 0  0 0 0 0|| 
  10462397 |   0   0   0   0 |   0   0   0   0 |   -506    512  -1355 |    -37    -14    -11 |      0      0      0 | 0  |   |  0  0 0 0  0 0 0 0|| 
  10864308 |   0   0   0   0 |   0   0   0   0 |   -507    512  -1414 |    -37    -15    -13 |      0      0      0 | 0  |   |  0  0 0 0  0 0 0 0|| 
  11266023 |   0   0   0   0 |   0   0   0   0 |   -508    511  -1469 |    -37    -15    -13 |      0      0      0 | 0  |   |  0  0 0 0  0 0 0 0|| 
  11667285 |   0   0   0   0 |   0   0   0   0 |   -509    512  -1529 |    -38    -16    -14 |      0      0      0 | 0  |   |  0  0 0 0  0 0 0 0|| 
  12069761 |   0   0   0   0 |   0   0   0   0 |   -513    519  -1589 |    -39    -19    -14 |      0      0      0 | 0  |   |  0  0 0 0  0 0 0 0|| 
  12471744 |   0   0   0   0 |   0   0   0   0 |   -514    521  -1646 |    -37    -15    -13 |      0      0      0 | 0  |   |  0  0 0 0  0 0 0 0|| 
  12874466 |   0   0   0   0 |   0   0   0   0 |   -513    517  -1704 |    -38    -16    -13 |      0      0      0 | 0  |   |  0  0 0 0  0 0 0 0|| 
  13276935 |   0   0   0   0 |   0   0   0   0 |   -512    518  -1764 |    -38    -16    -14 |      0      0      0 | 0  |   |  0  0 0 0  0 0 0 0|| 
  13679226 |   0   0   0   0 |   0   0   0   0 |   -512    517  -1818 |    -37    -15    -13 |      0      0      0 | 0  |   |  0  0 0 0  0 0 0 0|| 
  14081625 |   0   0   0   0 |   0   0   0   0 |   -512    512  -1876 |    -38    -15    -16 |      0      0      0 | 0  |   |  0  0 0 0  0 0 0 0|| 
  14484070 |   0   0   0   0 |   0   0   0   0 |   -511    514  -1933 |    -37    -14    -11 |      0      0      0 | 0  |   |  0  0 0 0  0 0 0 0|| 
  14886344 |   0   0   0   0 |   0   0   0   0 |   -504    508  -1985 |     -1     -2     -2 |      0      0      0 | 0  |   |  0  0 0 0  0 0 0 0|| 
  15289063 |   0   0   0   0 |   0   0   0   0 |   -370    458  -1996 |     -2     -1      2 |      0      0      0 | 0  |   |  0  0 0 0  0 0 0 0|| 
  15691534 |   0   0   0   0 |   0   0   0   0 |   -274    423  -2005 |     -1     -2     -4 |      0      0      0 | 0  |   |  0  0 0 0  0 0 0 0|| 
  16093526 |   0   0   0   0 |   0   0   0   0 |   -199    393  -2009 |     -1     -2      1 |      0      0      0 | 0  |   |  0  0 0 0  0 0 0 0|| 
  16495914 |   0   0   0   0 |   0   0   0   0 |   -144    372  -2018 |     -2     -3     -1 |      0      0      0 | 0  |   |  0  0 0 0  0 0 0 0|| 
  16901267 |   0   0   0   0 |   0   0   0   0 |   -102    356  -2020 |     -2     -3     -4 |      0      0      0 | 0  |   |  0  0 0 0  0 0 0 0|| 
  17303082 |   0   0   0   0 |   0   0   0   0 |    -72    345  -2023 |     -2     -1      1 |      0      0      0 | 0  |   |  0  0 0 0  0 0 0 0|| 
  17705226 |   0   0   0   0 |   0   0   0   0 |    -49    333  -2022 |     -1     -2     -1 |      0      0      0 | 0  |   |  0  0 0 0  0 0 0 0|| 
  18107141 |   0   0   0   0 |   0   0   0   0 |    -30    327  -2023 |     -1     -2     -1 |      0      0      0 | 0  |   |  0  0 0 0  0 0 0 0|| 
  18508592 |   0   0   0   0 |   0   0   0   0 |    -17    321  -2025 |     -2     -2     -1 |      0      0      0 | 0  |   |  0  0 0 0  0 0 0 0|| 
  18910720 |   0   0   0   0 |   0   0   0   0 |     -6    318  -2029 |     -1     -1     -1 |      0      0      0 | 0  |   |  0  0 0 0  0 0 0 0|| 
  19313016 |   0   0   0   0 |   0   0   0   0 |      0    312  -2027 |     -3     -3     -3 |      0      0      0 | 0  |   |  0  0 0 0  0 0 0 0|| 
  19715329 |   0   0   0   0 |   0   0   0   0 |      2    312  -2030 |     -3     -3      0 |      0      0      0 | 0  |   |  0  0 0 0  0 0 0 0|| 
  20117677 |   0   0   0   0 |   0   0   0   0 |      6    313  -2036 |     -1     -2     -2 |      0      0      0 | 0  |   |  0  0 0 0  0 0 0 0|| 
  20519888 |   0   0   0   0 |   0   0   0   0 |      8    313  -2039 |     -2     -1      0 |      0      0      0 | 0  |   |  0  0 0 0  0 0 0 0|| 
  20922217 |   0   0   0   0 |   0   0   0   0 |     13    310  -2039 |     -2     -2     -1 |      0      0      0 | 0  |   |  0  0 0 0  0 0 0 0|| 
  21324939 |   0   0   0   0 |   0   0   0   0 |     13    310  -2044 |     -2     -3     -3 |      0      0      0 | 0  |   |  0  0 0 0  0 0 0 0|| 
  21727409 |   0   0   0   0 |   0   0   0   0 |     14    309  -2045 |     -1     -2     -1 |      0      0      0 | 0  |   |  0  0 0 0  0 0 0 0|| 
  22129691 |   0   0   0   0 |   0   0   0   0 |     16    307  -2036 |     -1      0      1 |      0      0      0 | 0  |   |  0  0 0 0  0 0 0 0|| 
  22532076 |   0   0   0   0 |   0   0   0   0 |     16    304  -2038 |     -3     -3     -2 |      0      0      0 | 0  |   |  0  0 0 0  0 0 0 0|| 
  22934263 |   0   0   0   0 |   0   0   0   0 |     19    307  -2041 |     -1     -4     -4 |      0      0      0 | 0  |   |  0  0 0 0  0 0 0 0|| 
  23336569 |   0   0   0   0 |   0   0   0   0 |     24    306  -2041 |      0      1     -1 |      0      0      0 | 0  |   |  0  0 0 0  0 0 0 0|| 
  23739277 |   0   0   0   0 |   0   0   0   0 |     28    308  -2044 |      0      0      1 |      0      0      0 | 0  |   |  0  0 0 0  0 0 0 0|| 
  24144548 |   0   0   0   0 |   0   0   0   0 |     29    309  -2048 |      0      0      0 |      0      0      0 | 0  |   |  0  0 0 0  0 0 0 0|| 
  24546327 |   0   0   0   0 |   0   0   0   0 |     30    308  -2046 |      0      0     -2 |      0      0      0 | 0  |   |  0  0 0 0  0 0 0 0|| 
  24948137 |   0   0   0   0 |   0   0   0   0 |     32    307  -2045 |     -1     -2      0 |      0      0      0 | 0  |   |  0  0 0 0  0 0 0 0|| 
  25350777 |   0   0   0   0 |   0   0   0   0 |     32    311  -2047 |     -2     -5     -3 |      0      0      0 | 0  |   |  0  0 0 0  0 0 0 0|| 
  25751808 |   0   0   0   0 |   0   0   0   0 |     34    311  -2050 |      0      1     -3 |      0      0      0 | 0  |   |  0  0 0 0  0 0 0 0|| 
  26153374 |   0   0   0   0 |   0   0   0   0 |     35    309  -2049 |      0      1      1 |      0      0      0 | 0  |   |  0  0 0 0  0 0 0 0|| 
  26555534 |   0   0   0   0 |   0   0   0   0 |     37    304  -2050 |      0      0      2 |      0      0      0 | 0  |   |  0  0 0 0  0 0 0 0|| 
count = 1
  26957842 |   0   0   0   0 |   0   0   0   0 |     38    302  -2050 |      0      0      0 |      0      0      0 | 3  |   |  0  0 0 0  0 302 -2050 0|| 
  27360439 |   0   0   0   0 |   0   0   0   0 |     38    301  -2052 |     -1     -1     -2 |      0      0      0 | 3  |   |  0  0 0 0  0 301 -2052 -2|| 
  27762908 |   0   0   0   0 |   0   0   0   0 |     36    302  -2051 |     -1     -1     -1 |      0      0      0 | 3  |   |  0  0 0 0  0 302 -2051 -1|| 
  28164545 |   0   0   0   0 |   0   0   0   0 |     32    309  -2053 |      0      0      0 |      0      0      0 | 3  |   |  0  0 0 0  0 309 -2053 0|| 
  28567194 |   0   0   0   0 |   0   0   0   0 |     33    310  -2056 |      0      2      1 |      0      0      0 | 3  |   |  0  0 0 0  0 310 -2056 1|| 
  28969353 |   0   0   0   0 |   0   0   0   0 |     35    305  -2055 |     -1     -2     -1 |      0      0      0 | 3  |   |  0  0 0 0  0 305 -2055 -1|| 
  29371040 |   0   0   0   0 |   0   0   0   0 |     34    306  -2055 |     -1     -1      1 |      0      0      0 | 3  |   |  0  0 0 0  0 306 -2055 1|| 
  29773092 |   0   0   0   0 |   0   0   0   0 |     35    306  -2056 |     -1     -2     -3 |      0      0      0 | 3  |   |  0  0 0 0  0 306 -2056 -3|| 
  30175568 |   0   0   0   0 |   0   0   0   0 |     36    308  -2064 |      0      1     -1 |      0      0      0 | 3  |   |  0  0 0 0  0 308 -2064 -1|| 
  30577916 |   0   0   0   0 |   0   0   0   0 |     33    311  -2056 |      1      6      1 |      0      0      0 | 3  |   |  0  0 0 0  0 311 -2056 1|| 
  30980573 |   0   0   0   0 |   0   0   0   0 |     39    304  -2055 |      0      0      0 |      0      0      0 | 3  |   |  0  0 0 0  0 304 -2055 0|| 
  31386389 |   0   0   0   0 |   0   0   0   0 |     39    303  -2056 |      0      0      0 |      0      0      0 | 3  |   |  0  0 0 0  0 303 -2056 0|| 
  31788076 |   0   0   0   0 |   0   0   0   0 |     39    303  -2052 |     -1     -1     -3 |      0      0      0 | 3  |   |  0  0 0 0  0 303 -2052 -3|| 
  32190204 |   0   0   0   0 |   0   0   0   0 |     34    309  -2053 |      0      0      0 |      0      0      0 | 3  |   |  0  0 0 0  0 309 -2053 0|| 
  32592132 |   0   0   0   0 |   0   0   0   0 |     34    309  -2054 |     -1     -2      0 |      0      0      0 | 3  |   |  0  0 0 0  0 309 -2054 0|| 
  32993560 |   0   0   0   0 |   0   0   0   0 |     34    310  -2053 |      0      1      1 |      0      0      0 | 3  |   |  0  0 0 0  0 310 -2053 1|| 
  33395706 |   0   0   0   0 |   0   0   0   0 |     36    306  -2050 |     -1     -1      0 |      0      0      0 | 3  |   |  0  0 0 0  0 306 -2050 0|| 
  33797632 |   0   0   0   0 |   0   0   0   0 |     33    310  -2047 |     -2     -4      2 |      0      0      0 | 3  |   |  0  0 0 0  0 310 -2047 2|| 
  34199938 |   0   0   0   0 |   0   0   0   0 |     25    315  -2043 |      0     26     -4 |      0      0      0 | 3  |   |  0  0 0 0  0 315 -2043 -4|| 
  34602589 |   0   0   0   0 |   0   0   0   0 |     25    311  -2042 |     -2    -12      3 |      0      0      0 | 3  |   |  0  0 0 0  0 311 -2042 3|| 
  35004766 |   0   0   0   0 |   0   0   0   0 |     24    303  -2043 |     -6   -102      1 |      0      0      0 | 3  |   |  0  0 0 0  0 303 -2043 1|| 
  35406772 |   0   0   0   0 |   0   0   0   0 |     20    294  -1982 |     -3    -30     40 |      0      0      0 | 3  |   |  0  0 0 0  0 294 -1982 40|| 
  35809424 |   0   0   0   0 |   0   0   0   0 |   1339    547  -2276 |    169   -812   -297 |      0      0      0 | 3  |   |  0  0 0 0  0 547 -2276 -297|| 
  36211930 |   0   0   0   0 |   0   0   0   0 |   1578    141  -2472 |   -283    301    200 |      0      0      0 | 3  |   |  0  0 0 0  0 141 -2472 200|| 
  36614291 |   0   0   0   0 |   0   0   0   0 |   -828    757   -561 |     43    161    322 |      0      0      0 | 3  |   |  0  0 0 0  0 757 -561 322|| 
  37016396 |   0   0   0   0 |   0   0   0   0 |    500    477    845 |     49     21    466 |      0      0      0 | 3  |   |  0  0 0 0  0 477 845 466|| 
  37418880 |   0   0   0   0 |   0   0   0   0 |   -924    444   4306 |   -225    -37    911 |      0      0      0 | 3  |   |  0  0 0 0  0 444 4306 911|| 
  37820873 |   0   0   0   0 |   0   0   0   0 |  -1098    832   7473 |    359    392    453 |      0      0      0 | 3  |   |  0  0 0 0  0 832 7473 453|| 
  38222941 |   0   0   0   0 |   0   0   0   0 |   -198    255   9064 |     24   -341    452 |      0      0      0 | 3  |   |  0  0 0 0  0 255 9064 452|| 
  38625129 |   0   0   0   0 |   0   0   0   0 |   -510   1384  10564 |   -527    710    189 |      0      0      0 | 3  |   |  0  0 0 0  0 1384 10564 189|| 
  39030503 |   0   0   0   0 |   0   0   0   0 |   -533    581  12073 |    398   -401    509 |      0      0      0 | 3  |   |  0  0 0 0  0 581 12073 509|| 
  39432566 |   0   0   0   0 |   0   0   0   0 |   -698   1048  12846 |   -117    123   -274 |      0      0      0 | 3  |   |  0  0 0 0  0 1048 12846 -274|| 
  39834622 |   0   0   0   0 |   0   0   0   0 |   -563    944  11906 |    107     35   -172 |      0      0      0 | 3  |   |  0  0 0 0  0 944 11906 -172|| 
count = 1
  40236118 |   0   0   0   0 |   0   0   0   0 |   -235   1498  11729 |   -355     86     62 |      0      0      0 | 2  |   |  0  0 0 0  0 1522 11680 75|| 
  40638675 |   0   0   0   0 |   0   0   0   0 |   -862   1427  11409 |   -194    146     40 |      0      0      0 | 2  |   |  0  0 0 0  0 1522 11680 75|| 
  41039973 |   0   0   0   0 |   0   0   0   0 |  -1191    629  11649 |     32     66    244 |      0      0      0 | 2  |   |  0  0 0 0  0 1522 11680 75|| 
  41441903 |   0   0   0   0 |   0   0   0   0 |  -1049    531  12431 |     47   -147    137 |      0      0      0 | 2  |   |  0  0 0 0  0 1522 11680 75|| 
  41843985 |   0   0   0   0 |   0   0   0   0 |   -963    889  12952 |    -60     89     15 |      0      0      0 | 2  |   |  0  0 0 0  0 1522 11680 75|| 
  42246165 |   0   0   0   0 |   0   0   0   0 |   -997   1056  12723 |    295     10    -31 |      0      0      0 | 2  |   |  0  0 0 0  0 1522 11680 75|| 
  42648466 |   0   0   0   0 |   0   0   0   0 |   -733    525  12817 |   -123      7    -53 |      0      0      0 | 2  |   |  0  0 0 0  0 1522 11680 75|| 
  43050868 |   0   0   0   0 |   0   0   0   0 |  -1227    263  12557 |     45   -157     18 |      0      0      0 | 2  |   |  0  0 0 0  0 1522 11680 75|| 
  43453160 |   0   0   0   0 |   0   0   0   0 |  -1198    431  12663 |     36   -192    -28 |      0      0      0 | 2  |   |  0  0 0 0  0 1522 11680 75|| 
  43855423 |   0   0   0   0 |   0   0   0   0 |  -1053    494  12644 |     48    180     57 |      0      0      0 | 2  |   |  0  0 0 0  0 1522 11680 75|| 
  44257539 |   0   0   0   0 |   0   0   0   0 |  -1048    711  12806 |     37    -99    -41 |      0      0      0 | 2  |   |  0  0 0 0  0 1522 11680 75|| 
  44659723 |   0   0   0   0 |   0   0   0   0 |   -777    575  12809 |     52     35     83 |      0      0      0 | 2  |   |  0  0 0 0  0 1522 11680 75|| 
  45062048 |   0   0   0   0 |   0   0   0   0 |   -776    322  12664 |   -101     43   -177 |      0      0      0 | 2  |   |  0  0 0 0  0 1522 11680 75|| 
  45464766 |   0   0   0   0 |   0   0   0   0 |  -1014    726  11969 |     34   -140    -79 |      0      0      0 | 2  |   |  0  0 0 0  0 1522 11680 75|| 
  45867356 |   0   0   0   0 |   0   0   0   0 |   -727    739  11422 |     54     53   -161 |      0      0      0 | 2  |   |  0  0 0 0  0 1522 11680 75|| 
  46272618 |   0   0   0   0 |   0   0   0   0 |   -644    318  12176 |     70    -13    288 |      0      0      0 | 2  |   |  0  0 0 0  0 1522 11680 75|| 
count = 1
  46675110 |   5   0   0   0 |  40  40  40  40 |   -892    199  13093 |    -26     53    274 |      0      0      0 | 2  |   |  0  0 0 0  0 1522 11680 75|| 
count = 1
count = 1
  47077054 |  15   0   0   0 |  60  60  60  60 |   -762    241  14096 |     40     53    104 |      0      0      0 | 2  |   |  0  0 0 0  0 1522 11680 75|| 
count = 1
  47478759 |  20   0   0   0 |  80  80  80  80 |   -740    426  14097 |    -63    -26     38 |      0      0      0 | 2  |   |  0  0 0 0  0 1522 11680 75|| 
count = 1
  47880796 |  25   0   0   0 | 100 100 100 100 |   -898    454  14228 |    -88   -108     53 |      0      0      0 | 2  |   |  0  0 0 0  0 1522 11680 75|| 
  48282740 |  25   0   0   0 | 100 100 100 100 |   -882    666  14528 |     44     69     44 |      0      0      0 | 2  |   |  0  0 0 0  0 1522 11680 75|| 
  48684511 |  25   0   0   0 | 100 100 100 100 |   -930    484  14915 |    -65    114     80 |      0      0      0 | 2  |   |  0  0 0 0  0 1522 11680 75|| 
  49086711 |  25   0   0   0 | 100 100 100 100 |   -645    581  15020 |     10    128    -51 |      0      0      0 | 2  |   |  0  0 0 0  0 1522 11680 75|| 
  49489278 |  25   0   0   0 | 100 100 100 100 |   -825    357  14908 |    -33    -24     -6 |      0      0      0 | 2  |   |  0  0 0 0  0 1522 11680 75|| 
  49891565 |  25   0   0   0 | 100 100 100 100 |   -831    411  14790 |      1    -46    -16 |      0      0      0 | 2  |   |  0  0 0 0  0 1522 11680 75|| 
  50294266 |  25   0   0   0 | 100 100 100 100 |   -703    415  14727 |     10    -59     11 |      0      0      0 | 2  |   |  0  0 0 0  0 1522 11680 75|| 
count = 1
count = 1
count = 1
  50696156 |  50   0   0   0 | 140 140 140 140 |   -784    488  14655 |     43    -30     -9 |      0      0      0 | 2  |   |  0  0 0 0  0 1522 11680 75|| 
count = 1
count = 1
  51098479 |  55   0   0   0 | 140 140 140 140 |   -652    459  14508 |     78    102    -39 |      0      0      0 | 2  |   |  0  0 0 0  0 1522 11680 75|| 
  51501146 |  55   0   0   0 | 140 140 140 140 |   -230    353  14598 |    -42     -4    -20 |      0      0      0 | 2  |   |  0  0 0 0  0 1522 11680 75|| 
count = 1
count = 1
count = 1
  51903302 |  64   0   0   0 | 160 160 160 160 |   -420    311  14503 |     16    -58     30 |      0      0      0 | 2  |   |  0  0 0 0  0 1522 11680 75|| 
count = 1
count = 1
  52305618 |  73   0   0   0 | 160 160 160 160 |   -369    371  14530 |     35    -55      7 |      0      0      0 | 2  |   |  0  0 0 0  0 1522 11680 75|| 
count = 1
count = 1
count = 1
  52707973 |  83   0   0   0 | 180 180 180 180 |   -338    525  14505 |     11    -67     19 |      0      0      0 | 2  |   |  0  0 0 0  0 1522 11680 75|| 
count = 1
count = 1
  53110583 |  87   0   0   0 | 180 180 180 180 |   -390    609  14529 |    -65     77    -42 |      0      0      0 | 2  |   |  0  0 0 0  0 1522 11680 75|| 
count = 1
count = 1
  53516177 | 100   0   0   0 | 200 200 200 200 |   -452    601  14608 |    -62     54    -10 |      0      0      0 | 2  |   |  0  0 0 0  0 1522 11680 75|| 
count = 1
count = 1
count = 1
  53919078 | 106   0   0   0 | 200 200 200 200 |   -461    553  14698 |      0     50     43 |      0      0      0 | 2  |   |  0  0 0 0  0 1522 11680 75|| 
count = 1
count = 1
count = 1
  54320355 | 118   0   0   0 | 200 200 200 200 |   -425    535  14722 |     22      8     12 |      0      0      0 | 2  |   |  0  0 0 0  0 1522 11680 75|| 
count = 1
count = 1
  54721856 | 127   0   0   0 | 220 220 220 220 |   -421    561  14782 |     37    -46     42 |      0      0      0 | 2  |   |  0  0 0 0  0 1522 11680 75|| 
count = 1
count = 1
count = 1
  55123981 | 147   0   0   0 | 240 240 240 240 |   -436    588  14772 |     19    -45     29 |      0      0      0 | 2  |   |  0  0 0 0  0 1522 11680 75|| 
count = 1
  55526424 | 152   0   0   0 | 240 240 240 240 |   -436    600  14772 |     -4    -10     12 |      0      0      0 | 2  |   |  0  0 0 0  0 1522 11680 75|| 
  55928219 | 152   0   0   0 | 240 240 240 240 |   -460    556  14804 |     19     45      8 |      0      0      0 | 2  |   |  0  0 0 0  0 1522 11680 75|| 
  56330275 | 152   0   0   0 | 240 240 240 240 |   -372    613  14968 |     21     24      8 |      0      0      0 | 2  |   |  0  0 0 0  0 1522 11680 75|| 
  56732071 | 152   0   0   0 | 240 240 240 240 |   -364    603  14973 |    -57     18    -30 |      0      0      0 | 2  |   |  0  0 0 0  0 1522 11680 75|| 
count = 1
count = 1
count = 1
  57134449 | 163   0   0   0 | 240 240 240 240 |   -419    452  14922 |     -5     73    -51 |      0      0      0 | 2  |   |  0  0 0 0  0 1522 11680 75|| 
count = 1
count = 1
count = 1
  57537165 | 174   0   0   0 | 260 260 260 260 |   -357    429  14913 |     12    -42      9 |      0      0      0 | 2  |   |  0  0 0 0  0 1522 11680 75|| 
count = 1
count = 1
  57939085 | 180   0   0   0 | 260 260 260 260 |   -396    522  14876 |     11     79      2 |      0      0      0 | 2  |   |  0  0 0 0  0 1522 11680 75|| 
count = 1
count = 1
  58341408 | 180   0   0   0 | 260 260 260 260 |   -441    560  14897 |    -48    -40    -17 |      0      0      0 | 2  |   |  0  0 0 0  0 1522 11680 75|| 
count = 1
  58744117 | 185   0   0   0 | 260 260 260 260 |   -487    698  14937 |      5    -46      3 |      0      0      0 | 2  |   |  0  0 0 0  0 1522 11680 75|| 
count = 1
count = 1
  59146624 | 189   0   0   0 | 260 260 260 260 |   -485    653  14914 |     27    -16    -17 |      0      0      0 | 2  |   |  0  0 0 0  0 1522 11680 75|| 
count = 1
count = 1
count = 1
  59548936 | 201   0   0   0 | 280 280 280 280 |   -520    677  14893 |    -48     -9     22 |      0      0      0 | 2  |   |  0  0 0 0  0 1522 11680 75|| 
count = 1
  59951326 | 205   0   0   0 | 280 280 280 280 |   -515    665  15013 |    -39     50    -18 |      0      0      0 | 2  |   |  0  0 0 0  0 1522 11680 75|| 
count = 1
count = 1
count = 1
  60353768 | 215   0   0   0 | 280 280 280 280 |   -596    677  15034 |     25     67     50 |      0      0      0 | 2  |   |  0  0 0 0  0 1522 11680 75|| 
  60756154 | 215   0   0   0 | 280 280 280 280 |   -573    594  15035 |     22    -43     18 |      0      0      0 | 2  |   |  0  0 0 0  0 1522 11680 75|| 
  61161969 | 215   0   0   0 | 280 280 280 280 |   -541    623  14928 |     27    -55     -2 |      0      0      0 | 2  |   |  0  0 0 0  0 1522 11680 75|| 
  61563653 | 215   0   0   0 | 280 280 280 280 |   -499    693  14990 |    -17    -12     55 |      0      0      0 | 2  |   |  0  0 0 0  0 1522 11680 75|| 
  61965797 | 215   0   0   0 | 280 280 280 280 |   -552    658  15145 |    -17     17     57 |      0      0      0 | 2  |   |  0  0 0 0  0 1522 11680 75|| 
count = 1
count = 1
  62367106 | 211   0   0   0 | 280 280 280 280 |   -404    908  15481 |      0     11     23 |      0      0      0 | 2  |   |  0  0 0 0  0 1522 11680 75|| 
  62768306 | 211   0   0   0 | 280 280 280 280 |   -514    948  16282 |    128   -146    448 |      0      0      0 | 2  |   |  0  0 0 0  0 1522 11680 75|| 
count = 1
  63170445 | 215   0   0   0 | 280 280 280 280 |   -480    198  17553 |     -3    130    136 |      0      0      0 | 2  |   |  0  0 0 0  0 1522 11680 75|| 
  63572285 | 215   0   0   0 | 280 280 280 280 |   -535    627  15558 |   -567    175  -1096 |      0      0      0 | 2  |   |  0  0 0 0  0 1522 11680 75|| 
  63974585 | 215   0   0   0 | 280 280 280 280 |   -822    172  14433 |    622   -437    606 |      0      0      0 | 2  |   |  0  0 0 0  0 1522 11680 75|| 
  64376029 | 215   0   0   0 | 280 280 280 280 |    111    808  17139 |     69    127   -219 |      0      0      0 | 2  |   |  0  0 0 0  0 1522 11680 75|| 
  64778757 | 215   0   0   0 | 280 280 280 280 |   -469    816  13434 |   -256    152   -663 |      0      0      0 | 2  |   |  0  0 0 0  0 1522 11680 75|| 
  65181007 | 215   0   0   0 | 280 280 280 280 |     36    691  10595 |   -100    286   -673 |      0      0      0 | 2  |   |  0  0 0 0  0 1522 11680 75|| 
  65583064 | 215   0   0   0 | 280 280 280 280 |     39    468  12969 |    608   -509   1671 |      0      0      0 | 2  |   |  0  0 0 0  0 1522 11680 75|| 
  65985736 | 215   0   0   0 | 280 280 280 280 |    356   1602  16709 |    -75    228   -625 |      0      0      0 | 2  |   |  0  0 0 0  0 1522 11680 75|| 
  66387916 | 215   0   0   0 | 280 280 280 280 |    -32    306  11782 |     69      3   -740 |      0      0      0 | 2  |   |  0  0 0 0  0 1522 11680 75|| 
  66790252 | 215   0   0   0 | 280 280 280 280 |    558   1070  14191 |    119   -211   1392 |      0      0      0 | 2  |   |  0  0 0 0  0 1522 11680 75|| 
  67193003 | 215   0   0   0 | 280 280 280 280 |    554   1482  15025 |   -322    235   -215 |      0      0      0 | 2  |   |  0  0 0 0  0 1522 11680 75|| 
  67595208 | 215   0   0   0 | 280 280 280 280 |    137   1500  15091 |     72   -104     -1 |      0      0      0 | 2  |   |  0  0 0 0  0 1522 11680 75|| 
  67997199 | 215   0   0   0 | 280 280 280 280 |    145   1261  15133 |     17     18    -31 |      0      0      0 | 2  |   |  0  0 0 0  0 1522 11680 75|| 
  68403609 | 215   0   0   0 | 280 280 280 280 |    150   1444  15001 |     21      6     24 |      0      0      0 | 2  |   |  0  0 0 0  0 1522 11680 75|| 
  68805567 | 215   0   0   0 | 280 280 280 280 |     66   1352  14989 |    -36     -9      3 |      0      0      0 | 2  |   |  0  0 0 0  0 1522 11680 75|| 
  69207326 | 215   0   0   0 | 280 280 280 280 |   -162   1255  15023 |    -61     29    -63 |      0      0      0 | 2  |   |  0  0 0 0  0 1522 11680 75|| 
  69609177 | 215   0   0   0 | 280 280 280 280 |   -316   1269  15111 |    -11    -67     39 |      0      0      0 | 2  |   |  0  0 0 0  0 1522 11680 75|| 
  70011938 | 215   0   0   0 | 280 280 280 280 |   -407   1505  15063 |     27    -82    -18 |      0      0      0 | 2  |   |  0  0 0 0  0 1522 11680 75|| 
count = 1
  70412904 | 215   0   0   0 | 280 280 280 280 |   -350   1489  15124 |      5     24     -6 |      0      0      0 | 4  |   |  81  0 0 0  0 1522 11680 75|| 
  70814675 | 215   0   0   0 | 280 280 280 280 |   -293   1450  15094 |    -59     47     82 |      0      0      0 | 4  |   |  -7  0 0 0  0 1522 11680 75|| 
  71217179 | 215   0   0   0 | 280 280 280 280 |   -522   1452  15314 |     -8     -2     11 |      0      0      0 | 4  |   |  64  0 0 0  0 1522 11680 75|| 
  71619518 | 215   0   0   0 | 280 280 280 280 |   -110   1407  14516 |     27    126   -322 |      0      0      0 | 4  |   |  -115  0 0 0  0 1522 11680 75|| 
  72021948 | 215   0   0   0 | 280 280 280 280 |   -432    772  12691 |    -46    138   -543 |      0      0      0 | 4  |   |  106  0 0 0  0 1522 11680 75|| 
  72424429 | 215   0   0   0 | 280 280 280 280 |   -802   -173  11275 |   -127    -36    215 |      0      0      0 | 4  |   |  116  0 0 0  0 1522 11680 75|| 
  72826796 | 215   0   0   0 | 280 280 280 280 |   -293   1096  15480 |     67     17   1027 |      0      0      0 | 4  |   |  72  0 0 0  0 1522 11680 75|| 
  73229517 | 215   0   0   0 | 280 280 280 280 |   -369    318  18173 |     -2    275    351 |      0      0      0 | 4  |   |  -20  0 0 0  0 1522 11680 75|| 
  73631728 | 215   0   0   0 | 280 280 280 280 |     62     28  17129 |   -154    100  -1122 |      0      0      0 | 4  |   |  -83  0 0 0  0 1522 11680 75|| 
  74034018 | 215   0   0   0 | 280 280 280 280 |   -241   -203  12564 |    196   -154   -110 |      0      0      0 | 4  |   |  -71  0 0 0  0 1522 11680 75|| 
  74436426 | 215   0   0   0 | 280 280 280 280 |   1224    967  17478 |    396    -75   1028 |      0      0      0 | 4  |   |  71  0 0 0  0 1522 11680 75|| 
  74838940 | 215   0   0   0 | 280 280 280 280 |    766    511  14656 |   -408    360  -1563 |      0      0      0 | 4  |   |  102  0 0 0  0 1522 11680 75|| 
  75240947 | 215   0   0   0 | 280 280 280 280 |    120   -195  11988 |    -38    -32    942 |      0      0      0 | 4  |   |  -99  0 0 0  0 1522 11680 75|| 
  75647597 | 215   0   0   0 | 280 280 280 280 |   1569   1360  17619 |    220   -217    401 |      0      0      0 | 4  |   |  -70  0 0 0  0 1522 11680 75|| 
  76049497 | 215   0   0   0 | 280 280 280 280 |   1113   -173  13625 |    -48     59  -1264 |      0      0      0 | 4  |   |  59  0 0 0  0 1522 11680 75|| 
  76451134 | 215   0   0   0 | 280 280 280 280 |    749   -118  13255 |     87     58   1203 |      0      0      0 | 4  |   |  -104  0 0 0  0 1522 11680 75|| 
  76852872 | 215   0   0   0 | 280 280 280 280 |   1377   1170  16860 |    -65    -83   -481 |      0      0      0 | 4  |   |  44  0 0 0  0 1522 11680 75|| 
  77254468 | 215   0   0   0 | 280 280 280 280 |    702   -116  14817 |    157     -4   -160 |      0      0      0 | 4  |   |  -21  0 0 0  0 1522 11680 75|| 
  77655919 | 215   0   0   0 | 280 280 280 280 |    685    440  14898 |    -72    -77     16 |      0      0      0 | 4  |   |  59  0 0 0  0 1522 11680 75|| 
  78058161 | 215   0   0   0 | 280 280 280 280 |    438    642  15164 |   -112     75    130 |      0      0      0 | 4  |   |  -55  0 0 0  0 1522 11680 75|| 
count = 1
  78459788 | 215   0   0   0 | 180 360 180 360 |    170    330  14882 |      0     75    -65 |      1      0      0 | 4  |   |  -116  0 0 0  0 1522 11680 75|| 
  78862084 | 215   0   0   0 | 320 240 320 240 |    861    497  16141 |    -29     79    283 |      1      0      0 | 4  |   |  48  0 0 0  0 1522 11680 75|| 
  79264767 | 215   0   0   0 | 340 220 340 220 |   -317     78  13817 |   -138    -57    -11 |      1      0      0 | 4  |   |  86  0 0 0  0 1522 11680 75|| 
  79666976 | 215   0   0   0 | 260 300 260 300 |   -173    562  14324 |    -21     -1     76 |      1      0      0 | 4  |   |  -1  0 0 0  0 1522 11680 75|| 
  80068651 | 215   0   0   0 | 300 260 300 260 |   -224    616  14678 |    -14    -86     53 |      1      0      0 | 4  |   |  22  0 0 0  0 1522 11680 75|| 
  80471322 | 215   0   0   0 | 200 340 200 340 |   -113    518  14811 |    122    -14    -75 |      1      0      0 | 4  |   |  -106  0 0 0  0 1522 11680 75|| 
  80873810 | 215   0   0   0 | 320 240 320 240 |   -190   -497  11570 |     60      8    276 |      1      0      0 | 4  |   |  55  0 0 0  0 1522 11680 75|| 
  81276156 | 215   0   0   0 | 300 280 300 280 |    470   1354  15458 |    -68    -31    573 |      1      0      0 | 4  |   |  14  0 0 0  0 1522 11680 75|| 
  81678897 | 215   0   0   0 | 300 280 300 280 |   -532     79  15865 |   -305    188    825 |      1      0      0 | 4  |   |  18  0 0 0  0 1522 11680 75|| 
  82081397 | 215   0   0   0 | 300 280 300 280 |     13    552  17968 |   -187    333   -200 |      1      0      0 | 4  |   |  19  0 0 0  0 1522 11680 75|| 
  82483747 | 215   0   0   0 | 320 240 320 240 |     -2    740  19497 |    261   -175    537 |      1      0      0 | 4  |   |  50  0 0 0  0 1522 11680 75|| 
  82886492 | 215   0   0   0 | 300 260 300 260 |   -379    106  17871 |      1    -98    292 |      1      0      0 | 4  |   |  39  0 0 0  0 1522 11680 75|| 
  83293104 | 215   0   0   0 | 200 360 200 360 |    232   1651  19702 |   -199    147   -580 |      1      0      0 | 4  |   |  -113  0 0 0  0 1522 11680 75|| 
  83694357 | 215   0   0   0 | 300 280 300 280 |    -61   1117  17243 |     60    -11     61 |      1      0      0 | 4  |   |  14  0 0 0  0 1522 11680 75|| 
  84096549 | 215   0   0   0 | 340 220 340 220 |   -108   1485  20259 |    247   -272   1012 |      1      0      0 | 4  |   |  87  0 0 0  0 1522 11680 75|| 
  84498461 | 215   0   0   0 | 220 340 220 340 |    -64    511  17422 |    -49    108   -355 |      1      0      0 | 4  |   |  -82  0 0 0  0 1522 11680 75|| 
  84900261 | 215   0   0   0 | 300 260 300 260 |    129   1579  16550 |    -56    149   -206 |      1      0      0 | 4  |   |  25  0 0 0  0 1522 11680 75|| 
  85302464 | 215   0   0   0 | 320 240 320 240 |   -145   1084  15472 |    -59     47   -244 |      1      0      0 | 4  |   |  63  0 0 0  0 1522 11680 75|| 
  85704116 | 215   0   0   0 | 260 300 260 300 |   -588    864  16313 |     85   -431    877 |      1      0      0 | 4  |   |  -34  0 0 0  0 1522 11680 75|| 
  86106243 | 215   0   0   0 | 240 320 240 320 |    209    760  14932 |   -289    538  -2161 |      1      0      0 | 4  |   |  -68  0 0 0  0 1522 11680 75|| 
  86508680 | 215   0   0   0 | 260 320 260 320 |    342    625  13274 |    360   -337   1656 |      1      0      0 | 4  |   |  -45  0 0 0  0 1522 11680 75|| 
  86911185 | 215   0   0   0 | 300 280 300 280 |    -10    594  15537 |   -358    398  -1988 |      1      0      0 | 4  |   |  15  0 0 0  0 1522 11680 75|| 
  87313568 | 215   0   0   0 | 360 180 360 180 |   -692   -126  11165 |     45    114    983 |      1      0      0 | 4  |   |  116  0 0 0  0 1522 11680 75|| 
  87716021 | 215   0   0   0 | 340 220 340 220 |    679   1108  17014 |    261   -209    511 |      1      0      0 | 4  |   |  76  0 0 0  0 1522 11680 75|| 
  88118542 | 215   0   0   0 | 220 340 220 340 |   -351     31  16202 |   -296    127    158 |      1      0      0 | 4  |   |  -83  0 0 0  0 1522 11680 75|| 
  88520847 | 215   0   0   0 | 220 320 220 320 |    191   1400  17172 |    -77    -61   -364 |      1      0      0 | 4  |   |  -73  0 0 0  0 1522 11680 75|| 
  88923536 | 215   0   0   0 | 220 340 220 340 |   -110    700  17293 |     25     53    413 |      1      0      0 | 4  |   |  -82  0 0 0  0 1522 11680 75|| 
  89325746 | 215   0   0   0 | 200 340 200 340 |    -56    555  13688 |   -205      1  -1106 |      1      0      0 | 4  |   |  -99  0 0 0  0 1522 11680 75|| 
  89727767 | 215   0   0   0 | 260 300 260 300 |     24   1504  16558 |     58   -113    622 |      1      0      0 | 4  |   |  -35  0 0 0  0 1522 11680 75|| 
count = 1
  90130158 | 215   0   0   0 | 260 300 260 300 |   -753    183  12021 |    -63    -67   -291 |      2      0      0 | 4  |   |  110  0 0 0  0 1522 11680 75|| 
  90536381 | 215   0   0   0 | 220 340 220 340 |   -177    759  16673 |   -168     11   1529 |      2      0      0 | 4  |   |  82  0 0 0  0 1522 11680 75|| 
  90938140 | 215   0   0   0 | 200 340 200 340 |   -307   -109  14627 |   -155    397   -515 |      2      0      0 | 4  |   |  78  0 0 0  0 1522 11680 75|| 
  91340093 | 215   0   0   0 | 300 260 300 260 |   -599    192  17658 |    -19    146    959 |      2      0      0 | 4  |   |  -116  0 0 0  0 1522 11680 75|| 
count = 1
  91742014 | 215   0   0   0 | 360 180 360 180 |     97    291  15560 |     58   -137    -51 |      3      0      0 | 4  |   |  126  0 0 0  0 1522 11680 75|| 
  92143804 | 215   0   0   0 | 180 360 180 360 |    518    750  18812 |   -266    129   -910 |      3      0      0 | 4  |   |  -39  0 0 0  0 1522 11680 75|| 
  92545914 | 215   0   0   0 | 340 200 340 200 |   -259    149  15234 |    551   -518    809 |      3      0      0 | 4  |   |  34  0 0 0  0 1522 11680 75|| 
  92947852 | 215   0   0   0 | 260 300 260 300 |    615    518  18526 |   -263     66  -1366 |      3      0      0 | 4  |   |  -95  0 0 0  0 1522 11680 75|| 
  93349775 | 215   0   0   0 | 320 240 320 240 |     46     46  16052 |    163     22    910 |      3      0      0 | 4  |   |  -67  0 0 0  0 1522 11680 75|| 
  93752482 | 215   0   0   0 | 360 200 360 200 |    697    823  18677 |   -341    277  -1499 |      3      0      0 | 4  |   |  38  0 0 0  0 1522 11680 75|| 
  94154731 | 215   0   0   0 | 320 240 320 240 |    327     10  17679 |    280   -441    394 |      3      0      0 | 4  |   |  -63  0 0 0  0 1522 11680 75|| 
  94557080 | 215   0   0   0 | 300 260 300 260 |    408   1173  17065 |   -364    218  -1644 |      3      0      0 | 4  |   |  -73  0 0 0  0 1522 11680 75|| 
  94959793 | 215   0   0   0 | 340 220 340 220 |    -39   -865  10942 |    -13    117    817 |      3      0      0 | 4  |   |  26  0 0 0  0 1522 11680 75|| 
  95361960 | 215   0   0   0 | 240 320 240 320 |   1310    802  14487 |      3     36    -73 |      3      0      0 | 4  |   |  -108  0 0 0  0 1522 11680 75|| 
  95764330 | 215   0   0   0 | 200 360 200 360 |   1122    919  14470 |     55    -71    282 |      3      0      0 | 4  |   |  49  0 0 0  0 1522 11680 75|| 
  96166986 | 215   0   0   0 | 200 360 200 360 |    342    996  14582 |   -196     57     75 |      3      0      0 | 4  |   |  0  0 0 0  0 1522 11680 75|| 
  96569165 | 215   0   0   0 | 220 340 220 340 |    213    968  15028 |   -150    252   -238 |      3      0      0 | 4  |   |  57  0 0 0  0 1522 11680 75|| 
count = 1
  96971504 | 215   0   0   0 | 340 220 340 220 |    914   1152  17596 |     -4     36    309 |      4      0      0 | 4  |   |  22  0 0 0  0 1522 11680 75|| 
  97373927 | 215   0   0   0 | 320 240 320 240 |   -195    407  12214 |    199   -124    125 |      4      0      0 | 4  |   |  -50  0 0 0  0 1522 11680 75|| 
count = 1
  97780242 | 215   0   0   0 | 200 360 200 360 |    574   2198  16897 |   -212   -329   -926 |      5      0      0 | 4  |   |  -23  0 0 0  0 1522 11680 75|| 
  98182097 | 215   0   0   0 | 320 240 320 240 |   -320    297  12763 |    342    109    780 |      5      0      0 | 4  |   |  63  0 0 0  0 1522 11680 75|| 
  98584305 | 215   0   0   0 | 360 200 360 200 |    275    337  16696 |   -295     23   -562 |      5      0      0 | 4  |   |  125  0 0 0  0 1522 11680 75|| 
  98985978 | 215   0   0   0 | 300 260 300 260 |    -14    193  11839 |     95    168    -84 |      5      0      0 | 4  |   |  -97  0 0 0  0 1522 11680 75|| 
  99388060 | 215   0   0   0 | 220 340 220 340 |    848    514  17686 |    288   -288    502 |      5      0      0 | 4  |   |  85  0 0 0  0 1522 11680 75|| 
  99789183 | 215   0   0   0 | 220 340 220 340 |    134    -46  11630 |    -94    129  -1195 |      5      0      0 | 4  |   |  -10  0 0 0  0 1522 11680 75|| 
 100190581 | 215   0   0   0 | 280 280 280 280 |    727    257  15988 |    400   -308   1763 |      5      0      0 | 4  |   |  104  0 0 0  0 1522 11680 75|| 
 100592373 | 215   0   0   0 | 260 300 260 300 |    -57   -101  13552 |   -423    673  -1864 |      5      0      0 | 4  |   |  -109  0 0 0  0 1522 11680 75|| 
 100995021 | 215   0   0   0 | 200 360 200 360 |    509     65  13811 |    352     -9   2145 |      5      0      0 | 4  |   |  -22  0 0 0  0 1522 11680 75|| 
 101397526 | 215   0   0   0 | 320 240 320 240 |   1066    687  16292 |   -373    219  -1319 |      5      0      0 | 4  |   |  114  0 0 0  0 1522 11680 75|| 
count = 1
count = 1
 101799844 | 215   0   0   0 | 300 280 300 280 |   -131   -237  10998 |     22    -73    -74 |      7      0      0 | 4  |   |  -107  0 0 0  0 1522 11680 75|| 
count = 1
 102201313 | 215   0   0   0 | 360 180 360 180 |    619      0  16514 |    198   -238   1276 |      8      0      0 | 4  |   |  79  0 0 0  0 1522 11680 75|| 
 102604096 | 215   0   0   0 | 320 240 320 240 |    -70     24  13499 |   -577    349  -1533 |      8      0      0 | 4  |   |  72  0 0 0  0 1522 11680 75|| 
 103006166 | 215   0   0   0 | 200 340 200 340 |     63      6  13194 |    407     11   1559 |      8      0      0 | 4  |   |  52  0 0 0  0 1522 11680 75|| 
 103408564 | 215   0   0   0 | 200 340 200 340 |    781    631  16968 |   -262   -254  -1000 |      8      0      0 | 4  |   |  51  0 0 0  0 1522 11680 75|| 
 103811066 | 215   0   0   0 | 240 320 240 320 |   -612   -222  12205 |     26     32     49 |      8      0      0 | 4  |   |  26  0 0 0  0 1522 11680 75|| 
 104213112 | 215   0   0   0 | 220 320 220 320 |    461   -417  17246 |   -101     75    660 |      8      0      0 | 4  |   |  -73  0 0 0  0 1522 11680 75|| 
 104615876 | 215   0   0   0 | 180 360 180 360 |   -669    166  13080 |   -383    140   -902 |      8      0      0 | 4  |   |  -47  0 0 0  0 1522 11680 75|| 
 105023039 | 215   0   0   0 | 300 260 300 260 |    694    508  15676 |    303   -190   1287 |      8      0      0 | 4  |   |  68  0 0 0  0 1522 11680 75|| 
 105424073 | 215   0   0   0 | 240 320 240 320 |    242     38  15106 |   -142    267   -303 |      8      0      0 | 4  |   |  122  0 0 0  0 1522 11680 75|| 
 105825825 | 215   0   0   0 | 300 260 300 260 |    507    319  15840 |    -16   -149     75 |      8      0      0 | 4  |   |  0  0 0 0  0 1522 11680 75|| 
 106227819 | 215   0   0   0 | 340 200 340 200 |    340    403  15488 |    -69   -124     85 |      8      0      0 | 4  |   |  -10  0 0 0  0 1522 11680 75|| 
 106630407 | 215   0   0   0 | 200 340 200 340 |    135    734  15378 |    -76     52   -233 |      8      0      0 | 4  |   |  52  0 0 0  0 1522 11680 75|| 
 107032045 | 215   0   0   0 | 300 260 300 260 |    249    722  15395 |     77    -75    -56 |      8      0      0 | 4  |   |  -125  0 0 0  0 1522 11680 75|| 
 107433728 | 215   0   0   0 | 300 260 300 260 |    341    519  15509 |    -31    -72    103 |      8      0      0 | 4  |   |  -28  0 0 0  0 1522 11680 75|| 
 107835514 | 215   0   0   0 | 220 340 220 340 |     65    392  15441 |   -105     80   -139 |      8      0      0 | 4  |   |  -42  0 0 0  0 1522 11680 75|| 
 108238511 | 215   0   0   0 | 200 340 200 340 |     20    480  15586 |    -40   -111     -8 |      8      0      0 | 4  |   |  83  0 0 0  0 1522 11680 75|| 
 108640709 | 215   0   0   0 | 320 240 320 240 |    -48    589  15478 |     74    -15     35 |      8      0      0 | 4  |   |  40  0 0 0  0 1522 11680 75|| 
 109043034 | 215   0   0   0 | 260 300 260 300 |    -75    564  15785 |    -15    -50    111 |      8      0      0 | 4  |   |  -36  0 0 0  0 1522 11680 75|| 
count = 1
 109445104 | 215   0   0   0 | 280 280 280 280 |   -103    674  15779 |     56    -47    -12 |      8      0      0 | 2  |   |  -114  0 0 0  0 1522 11680 75|| 
 109847300 | 215   0   0   0 | 280 280 280 280 |     77    704  15638 |     24     14    -43 |      8      0      0 | 2  |   |  -114  0 0 0  0 1522 11680 75|| 
 110249634 | 215   0   0   0 | 280 280 280 280 |    108    725  15627 |     68     48    -10 |      8      0      0 | 2  |   |  -114  0 0 0  0 1522 11680 75|| 
 110652333 | 215   0   0   0 | 280 280 280 280 |    193    678  15595 |     23     31    -49 |      8      0      0 | 2  |   |  -114  0 0 0  0 1522 11680 75|| 
 111054881 | 215   0   0   0 | 280 280 280 280 |     95    532  15432 |    -15     43     23 |      8      0      0 | 2  |   |  -114  0 0 0  0 1522 11680 75|| 
 111457236 | 215   0   0   0 | 280 280 280 280 |    156    555  15555 |    -14      7    -18 |      8      0      0 | 2  |   |  -114  0 0 0  0 1522 11680 75|| 
 111859650 | 215   0   0   0 | 280 280 280 280 |    110    627  15640 |    -38    -55     28 |      8      0      0 | 2  |   |  -114  0 0 0  0 1522 11680 75|| 
 112262181 | 215   0   0   0 | 280 280 280 280 |    161    547  15528 |     62     19     26 |      8      0      0 | 2  |   |  -114  0 0 0  0 1522 11680 75|| 
 112667877 | 215   0   0   0 | 280 280 280 280 |    332    555  15338 |    143    -50      3 |      8      0      0 | 2  |   |  -114  0 0 0  0 1522 11680 75|| 
 113069650 | 215   0   0   0 | 280 280 280 280 |    427    438  15334 |     -6     41     17 |      8      0      0 | 2  |   |  -114  0 0 0  0 1522 11680 75|| 
 113471651 | 215   0   0   0 | 280 280 280 280 |    377    520  15529 |      5      2     11 |      8      0      0 | 2  |   |  -114  0 0 0  0 1522 11680 75|| 
 113873391 | 215   0   0   0 | 280 280 280 280 |    335    360  15577 |    -37    -30     -4 |      8      0      0 | 2  |   |  -114  0 0 0  0 1522 11680 75|| 
 114275611 | 215   0   0   0 | 280 280 280 280 |    266    583  15658 |    -16    -29    -24 |      8      0      0 | 2  |   |  -114  0 0 0  0 1522 11680 75|| 
 114677245 | 215   0   0   0 | 280 280 280 280 |    330    415  15602 |      0      8     32 |      8      0      0 | 2  |   |  -114  0 0 0  0 1522 11680 75|| 
 115079074 | 215   0   0   0 | 280 280 280 280 |    282    533  15625 |      0      8    -43 |      8      0      0 | 2  |   |  -114  0 0 0  0 1522 11680 75|| 
 115481472 | 215   0   0   0 | 280 280 280 280 |    163    635  15610 |    -31    -86     39 |      8      0      0 | 2  |   |  -114  0 0 0  0 1522 11680 75|| 
 115884019 | 215   0   0   0 | 280 280 280 280 |     20    783  15669 |     17     10      1 |      8      0      0 | 2  |   |  -114  0 0 0  0 1522 11680 75|| 
 116286338 | 215   0   0   0 | 280 280 280 280 |     94    819  15641 |    -13      0    -26 |      8      0      0 | 2  |   |  -114  0 0 0  0 1522 11680 75|| 
 116689090 | 215   0   0   0 | 280 280 280 280 |    133    876  15633 |     58    -35     -5 |      8      0      0 | 2  |   |  -114  0 0 0  0 1522 11680 75|| 
 117091628 | 215   0   0   0 | 280 280 280 280 |     -9    927  15578 |     19    -13     18 |      8      0      0 | 2  |   |  -114  0 0 0  0 1522 11680 75|| 
count = 1
 117790975 | 215   0   0   0 | 280 280 280 280 |     -2    845  15608 |    -32     14    -27 |      8      0      0 | 5  |   |  -114  72 -105 -48  100 1522 11680 75|| 
 118705729 | 215   0   0   0 | 280 280 280 280 |     50    763  15652 |      3    -28    -17 |      8      0      0 | 5  |   |  -114  28 -23 -6  65 1522 11680 75|| 
 119621861 | 215   0   0   0 | 280 280 280 280 |    132    813  15827 |    -24     43    -12 |      8      0      0 | 5  |   |  -114  109 -73 -77  92 1522 11680 75|| 
 120537991 | 215   0   0   0 | 280 280 280 280 |   2978   1015  15998 |   -360     20   -241 |      8      0      0 | 5  |   |  -114  -62 -19 -54  -84 1522 11680 75|| 
 121455133 | 215   0   0   0 | 280 280 280 280 |  -1540    169  14972 |   -258      4    118 |      8      0      0 | 5  |   |  -114  -60 59 -38  70 1522 11680 75|| 
 122370888 | 215   0   0   0 | 280 280 280 280 |  -3175   -169  14730 |     47   -103     68 |      8      0      0 | 5  |   |  -114  -74 -115 69  21 1522 11680 75|| 
 123286736 | 215   0   0   0 | 280 280 280 280 |   3348    335  15500 |    240    119     18 |      8      0      0 | 5  |   |  -114  -76 -107 103  84 1522 11680 75|| 
 124202915 | 215   0   0   0 | 280 280 280 280 |    654    534  14486 |   -476    -52    -45 |      8      0      0 | 5  |   |  -114  -86 -50 18  32 1522 11680 75|| 
Error reading sensor fifo: -1
 125172116 | 215   0   0   0 | 280 280 280 280 |  -1896    206  15174 |   -434    -20     38 |      8      0      0 | 5  |   |  -114  -6 22 -14  -10 1522 11680 75|| 
 126087203 | 215   0   0   0 | 280 280 280 280 |  -2604    309  14679 |    286     11      0 |      8      0      0 | 5  |   |  -114  -23 -81 -45  38 1522 11680 75|| 
Error reading sensor fifo: -1
 127056941 | 215   0   0   0 | 280 280 280 280 |    968    216  15239 |   1008    -53   -117 |      8      0      0 | 5  |   |  -114  -71 12 19  84 1522 11680 75|| 
 127972699 | 215   0   0   0 | 280 280 280 280 |    598   -258  14397 |    -58    897   -314 |      8      0      0 | 5  |   |  -114  3 -26 93  126 1522 11680 75|| 
Error reading sensor fifo: -1
 128941635 | 215   0   0   0 | 280 280 280 280 |    502  -2371  13998 |     93   -338   -109 |      8      0      0 | 5  |   |  -114  -110 39 48  -25 1522 11680 75|| 
 129857429 | 215   0   0   0 | 280 280 280 280 |    645  -3912  14013 |    -62    406     69 |      8      0      0 | 5  |   |  -114  -125 44 72  -126 1522 11680 75|| 
 130775492 | 215   0   0   0 | 280 280 280 280 |    328  -1442  14410 |    -29   -755     32 |      8      0      0 | 5  |   |  -114  -10 -122 -47  97 1522 11680 75|| 
Error reading sensor fifo: -1
 131744971 | 215   0   0   0 | 280 280 280 280 |   1426   3339  13986 |    181   -211    -77 |      8      0      0 | 5  |   |  -114  -98 -39 -79  -113 1522 11680 75|| 
Error reading sensor fifo: -1
 132714064 | 215   0   0   0 | 280 280 280 280 |   1215     19  14261 |   -276    -32    159 |      8      0      0 | 5  |   |  -114  -117 -47 -2  88 1522 11680 75|| 
 133629906 | 215   0   0   0 | 280 280 280 280 |    376   -612  14359 |  27210 -19713 -20070 |      8      0      0 | 5  |   |  -114  41 72 -33  -6 1522 11680 75|| 
 134546452 | 215   0   0   0 | 280 280 280 280 |    158   -379  14392 |    104     41     35 |      8      0      0 | 5  |   |  -114  8 95 -75  -36 1522 11680 75|| 
Error reading sensor fifo: -1
count = 1
 135518553 | 215   0   0   0 | 300 280 260 280 |    229   -269  14334 |     -5     -5    -26 |      8      1      0 | 5  |   |  -114  66 -15 -29  73 1522 11680 75|| 
Error reading sensor fifo: -1
count = 1
 136489234 | 215   0   0   0 | 300 320 260 240 |   1197  -2058  14225 |   -279   1319   -552 |      8      2      0 | 5  |   |  -114  -81 -18 -73  91 1522 11680 75|| 
Error reading sensor fifo: -1
 137458684 | 215   0   0   0 | 340 260 220 300 |    444  -1175  13816 |   -297    395   -300 |      8      2      0 | 5  |   |  -114  72 123 83  109 1522 11680 75|| 
Error reading sensor fifo: -1
 138428691 | 215   0   0   0 | 300 240 260 320 |     90    635  13935 |   -265   -120    157 |      8      2      0 | 5  |   |  -114  -47 105 86  77 1522 11680 75|| 
Error reading sensor fifo: -1
 139398661 | 215   0   0   0 | 180 300 360 280 |    765    285  13956 |   -746    381   -137 |      8      2      0 | 5  |   |  -114  -68 -57 97  46 1522 11680 75|| 
 140314394 | 215   0   0   0 | 320 100 240 380 |   -179    372  14162 |  -1091   1335   -592 |      8      2      0 | 5  |   |  -114  -18 112 -89  -121 1522 11680 75|| 
 141230295 | 215   0   0   0 | 400 180  80 360 |    799    848  14431 |     67    286    -68 |      8      2      0 | 5  |   |  -114  -31 -108 -64  1 1522 11680 75|| 
count = 1
 142146502 | 215   0   0   0 | 260 420 300 -20 |   -104   -754  13432 |    415    -57    167 |      8      1      0 | 5  |   |  -114  -56 -42 23  -91 1522 11680 75|| 
count = 1
 143063785 | 215   0   0   0 | 360 320 180 260 |    477   -323  14357 |   -188    701   -708 |      8      0      0 | 5  |   |  -114  43 39 33  0 1522 11680 75|| 
 143978745 | 215   0   0   0 | 280 280 280 280 |   -343    750  14017 |     43    223    -78 |      8      0      0 | 5  |   |  -114  127 -10 -1  25 1522 11680 75|| 
Error reading sensor fifo: -1
 144948239 | 215   0   0   0 | 280 280 280 280 |    -17    595  13620 |     38    -28   -152 |      8      0      0 | 5  |   |  -114  12 -111 -6  30 1522 11680 75|| 
Error reading sensor fifo: -1
 145917886 | 215   0   0   0 | 280 280 280 280 |    263    556  13275 |     -5    -46   -141 |      8      0      0 | 5  |   |  -114  101 -72 12  73 1522 11680 75|| 
Error reading sensor fifo: -1
 146887883 | 215   0   0   0 | 280 280 280 280 |    -29    423  13227 |    103     21     49 |      8      0      0 | 5  |   |  -114  -107 61 -55  -35 1522 11680 75|| 
 147803028 | 215   0   0   0 | 280 280 280 280 |    -35   1347  13777 |     93    -67    -42 |      8      0      0 | 5  |   |  -114  111 -95 33  -25 1522 11680 75|| 
Error reading sensor fifo: -1
 148771178 | 215   0   0   0 | 280 280 280 280 |     95   1463  14143 |    -33    -13    113 |      8      0      0 | 5  |   |  -114  1 45 -21  101 1522 11680 75|| 
Error reading sensor fifo: -2
 149738394 | 215   0   0   0 | 280 280 280 280 |    207   1320  13961 |     86     81     31 |      8      0      0 | 5  |   |  -114  -73 -68 -115  -18 1522 11680 75|| 
 150654034 | 215   0   0   0 | 280 280 280 280 |    191   1058  14057 |    -28      9     59 |      8      0      0 | 5  |   |  -114  87 -62 -43  96 1522 11680 75|| 
Error reading sensor fifo: -1
 151622367 | 215   0   0   0 | 280 280 280 280 |    256    800  13788 |     25    -32     47 |      8      0      0 | 5  |   |  -114  100 -60 -2  43 1522 11680 75|| 
 152538211 | 215   0   0   0 | 280 280 280 280 |    260    866  13708 |     40    -32     66 |      8      0      0 | 5  |   |  -114  -76 -126 -2  28 1522 11680 75|| 
 153453928 | 215   0   0   0 | 280 280 280 280 |     40    941  14201 |    -55     21    -45 |      8      0      0 | 5  |   |  -114  -57 55 -55  123 1522 11680 75|| 
 154369388 | 215   0   0   0 | 280 280 280 280 |     27    555  12721 |    -24    -44    -23 |      8      0      0 | 5  |   |  -114  -113 -71 10  92 1522 11680 75|| 
Error reading sensor fifo: -1
 155338348 | 215   0   0   0 | 280 280 280 280 |   -365    410  14979 |    -12   -115    131 |      8      0      0 | 5  |   |  -114  -67 74 81  80 1522 11680 75|| 
Error reading sensor fifo: -1
 156307445 | 215   0   0   0 | 280 280 280 280 |   -339    541  15443 |     50     -2     41 |      8      0      0 | 5  |   |  -114  -19 -57 -32  18 1522 11680 75|| 
 157223492 | 215   0   0   0 | 280 280 280 280 |   -143    462  15471 |     61     17     26 |      8      0      0 | 5  |   |  -114  -47 22 -51  7 1522 11680 75|| 
 158139067 | 215   0   0   0 | 280 280 280 280 |   -368    547  15600 |    -85    -84    230 |      8      0      0 | 5  |   |  -114  80 -63 50  -103 1522 11680 75|| 
 159055960 | 215   0   0   0 | 280 280 280 280 |   -187    360  17426 |    189     -8   1411 |      8      0      0 | 5  |   |  -114  46 124 -26  -121 1522 11680 75|| 
 159970757 | 215   0   0   0 | 280 280 280 280 |    108    727  16065 |    168     65     58 |      8      0      0 | 5  |   |  -114  127 13 -99  -100 1522 11680 75|| 
 160885842 | 215   0   0   0 | 280 280 280 280 |    844    657  15613 |   -194    -44     40 |      8      0      0 | 5  |   |  -114  67 83 10  6 1522 11680 75|| 
 161801728 | 215   0   0   0 | 280 280 280 280 |    509    709  15487 |     23      3    -35 |      8      0      0 | 5  |   |  -114  -63 31 -37  45 1522 11680 75|| 
 162717778 | 215   0   0   0 | 280 280 280 280 |    364    489  15167 |    -12     41    -11 |      8      0      0 | 5  |   |  -114  1 -5 -75  80 1522 11680 75|| 
 163633075 | 215   0   0   0 | 280 280 280 280 |    305    476  14978 |     31     44    -63 |      8      0      0 | 5  |   |  -114  -66 8 -78  37 1522 11680 75|| 
Error reading sensor fifo: -1
 164601341 | 215   0   0   0 | 280 280 280 280 |     96    806  14949 |     -9     31     -7 |      8      0      0 | 5  |   |  -114  -37 -66 -65  77 1522 11680 75|| 
 165517382 | 215   0   0   0 | 280 280 280 280 |     44    737  14980 |    -34    -17    -11 |      8      0      0 | 5  |   |  -114  -68 3 -17  102 1522 11680 75|| 
 166433560 | 215   0   0   0 | 280 280 280 280 |    424    398  15018 |    104     76    -30 |      8      0      0 | 5  |   |  -114  -106 86 -110  -36 1522 11680 75|| 
Error reading sensor fifo: -1
 167402477 | 215   0   0   0 | 280 280 280 280 |    331    417  15199 |     22     19     -5 |      8      0      0 | 5  |   |  -114  -31 67 -53  46 1522 11680 75|| 
 168318155 | 215   0   0   0 | 280 280 280 280 |    332    503  15056 |    -19    -11     14 |      8      0      0 | 5  |   |  -114  112 -19 -23  87 1522 11680 75|| 
count = 1
 169235485 | 215   0   0   0 | 280 280 280 280 |     96    681  14953 |     64     11    -35 |      8      0      1 | 5  |   |  -114  -41 59 -45  4 1522 11680 75|| 
Error reading sensor fifo: -1
count = 1
 170207379 | 215   0   0   0 | 280 280 280 280 |    150    506  15133 |    -25    -31    -12 |      8      0      2 | 5  |   |  -114  35 -22 -3  93 1522 11680 75|| 
count = 1
 171124438 | 215   0   0   0 | 280 280 280 280 |    213    595  15111 |  12261  31831    435 |      8      0      3 | 5  |   |  -114  57 -111 -121  95 1522 11680 75|| 
count = 1
 172042266 | 215   0   0   0 | 280 280 280 280 |    165    565  15093 |      4      3    -17 |      8      0      4 | 5  |   |  -114  75 -81 -37  64 1522 11680 75|| 
 172958974 | 215   0   0   0 | 280 280 280 280 |     85    593  15042 |     24     21     -4 |      8      0      4 | 5  |   |  -114  126 -109 -55  44 1522 11680 75|| 
Error reading sensor fifo: -2
 173926715 | 215   0   0   0 | 280 280 280 280 |    272    431  14911 |    -35     21     16 |      8      0      4 | 5  |   |  -114  1 53 -55  103 1522 11680 75|| 
count = 1
Error reading sensor fifo: -2
 174897192 | 215   0   0   0 | 280 280 280 280 |    248    488  14985 |    -29    -24      5 |      8      0      5 | 5  |   |  -114  -73 -4 -10  97 1522 11680 75|| 
 175812484 | 215   0   0   0 | 280 280 280 280 |     96    583  15041 |     24     18    -26 |      8      0      5 | 5  |   |  -114  127 -99 -52  44 1522 11680 75|| 
Error reading sensor fifo: -2
 176780383 | 215   0   0   0 | 280 280 280 280 |     93    548  15072 |    -11     18    -15 |      8      0      5 | 5  |   |  -114  96 -64 -52  79 1522 11680 75|| 
Error reading sensor fifo: -1
count = 1
 177751362 | 215   0   0   0 | 180 240 360 320 |    184    572  15069 |    -19    -23      2 |      8      1      5 | 5  |   |  -114  99 -88 -11  87 1522 11680 75|| 
Error reading sensor fifo: -1
 178720427 | 215   0   0   0 | 340 100 220 400 |   1250   1755  15779 |    334  -1235    795 |      8      1      5 | 5  |   |  -114  -99 9 -79  -10 1522 11680 75|| 
count = 1
 179638130 | 215   0   0   0 | 280 280 280 280 |   -463   -799  14157 |    213   -480    477 |      8      0      5 | 5  |   |  -114  -13 3 -66  111 1522 11680 75|| 
 180553436 | 215   0   0   0 | 280 280 280 280 |    -17    150  15084 |  11775 -28372 -27862 |      8      0      5 | 5  |   |  -114  84 78 -78  69 1522 11680 75|| 
 181470117 | 215   0   0   0 | 280 280 280 280 |    970   1279  15709 |    -82     65    -72 |      8      0      5 | 5  |   |  -114  -29 -27 -99  -106 1522 11680 75|| 
Error reading sensor fifo: -1
 182439709 | 215   0   0   0 | 280 280 280 280 |    -34    265  15187 |     31    108     25 |      8      0      5 | 5  |   |  -114  -19 -37 114  37 1522 11680 75|| 
Error reading sensor fifo: -1
 183409612 | 215   0   0   0 | 280 280 280 280 |    273    153  14312 |    -81     25   -117 |      8      0      5 | 5  |   |  -114  88 75 -59  -107 1522 11680 75|| 
Error reading sensor fifo: -1
 184377958 | 215   0   0   0 | 280 280 280 280 |    211    303  14721 |   -359    250    123 |      8      0      5 | 5  |   |  -114  -65 -75 -28  -85 1522 11680 75|| 
Error reading sensor fifo: -1
 185347536 | 215   0   0   0 | 280 280 280 280 |    172    597  15172 |   -144   -120     23 |      8      0      5 | 5  |   |  -114  -4 -113 86  -44 1522 11680 75|| 
 186263509 | 215   0   0   0 | 280 280 280 280 |   -168    630  15137 |     -1     -5     -7 |      8      0      5 | 5  |   |  -114  31 110 -29  69 1522 11680 75|| 
 187178880 | 215   0   0   0 | 280 280 280 280 |   1375    500  15222 |    361    182   -138 |      8      0      5 | 5  |   |  -114  -54 -16 40  -37 1522 11680 75|| 
Error reading sensor fifo: -1
 188148791 | 215   0   0   0 | 280 280 280 280 |   4566    409  15226 |    139    277   -308 |      8      0      5 | 5  |   |  -114  -58 75 -55  -71 1522 11680 75|| 
Error reading sensor fifo: -2
 189117989 | 215   0   0   0 | 280 280 280 280 |   3800    209  15205 |  -1567     94   -455 |      8      0      5 | 5  |   |  -114  -37 19 -128  99 1522 11680 75|| 
Error reading sensor fifo: -2
 190085522 | 215   0   0   0 | 280 280 280 280 |  -1954    267  15436 |   -431    246    -23 |      8      0      5 | 5  |   |  -114  -12 -39 -24  -13 1522 11680 75|| 
 191001853 | 215   0   0   0 | 280 280 280 280 |  -1492    769  16022 |    250   -447     -6 |      8      0      5 | 5  |   |  -114  -86 -29 -99  74 1522 11680 75|| 
Error reading sensor fifo: -2
 191970139 | 215   0   0   0 | 280 280 280 280 |    786   4876  15325 |    202   -210    -54 |      8      0      5 | 5  |   |  -114  99 -40 -80  122 1522 11680 75|| 
Error reading sensor fifo: -1
 192940697 | 215   0   0   0 | 280 280 280 280 |    347   5669  15926 |     -1   -146     71 |      8      0      5 | 5  |   |  -114  10 -65 112  69 1522 11680 75|| 
Error reading sensor fifo: -1
 193909080 | 215   0   0   0 | 280 280 280 280 |   -382  -1821  14274 |    -36   -508    197 |      8      0      5 | 5  |   |  -114  126 1 -38  104 1522 11680 75|| 
Error reading sensor fifo: -1
 194878687 | 215   0   0   0 | 280 280 280 280 |    850  -1850  14783 |     63    960   -261 |      8      0      5 | 5  |   |  -114  -127 30 30  5 1522 11680 75|| 
 195795127 | 215   0   0   0 | 280 280 280 280 |   -294  -3224  14105 |    499  -1105   1030 |      8      0      5 | 5  |   |  -114  39 124 47  81 1522 11680 75|| 
 196709701 | 215   0   0   0 | 280 280 280 280 |   1818   -752  16083 |   -201    429   -376 |      8      0      5 | 5  |   |  -114  109 -44 49  13 1522 11680 75|| 
 197625760 | 215   0   0   0 | 280 280 280 280 |   -212  -3672  13856 |    130  -1887    509 |      8      0      5 | 5  |   |  -114  32 60 61  -62 1522 11680 75|| 
Error reading sensor fifo: -1
 198595301 | 215   0   0   0 | 280 280 280 280 |    199  -5356  13806 |   -121   1211   -161 |      8      0      5 | 5  |   |  -114  82 -48 35  -67 1522 11680 75|| 
Error reading sensor fifo: -1
 199564978 | 215   0   0   0 | 280 280 280 280 |    143  -4279  14811 |   -399   1723   -587 |      8      0      5 | 5  |   |  -114  101 -101 35  -45 1522 11680 75|| 
 200481549 | 215   0   0   0 | 280 280 280 280 |   -227  -6506  14166 |     18   -168   -165 |      8      0      5 | 5  |   |  -114  -22 78 -122  50 1522 11680 75|| 
 201398032 | 215   0   0   0 | 280 280 280 280 |   1764  -3212  16055 |    263    471     12 |      8      0      5 | 5  |   |  -114  -119 112 7  61 1522 11680 75|| 
 202316847 | 215   0   0   0 | 280 280 280 280 |    782  -7190  14988 |  -1263 -15672  -6361 |      8      0      5 | 5  |   |  -114  -76 -6 22  51 1522 11680 75|| 
 203234721 | 215   0   0   0 | 280 280 280 280 |   1929  -1729  14999 |    -41   -992     92 |      8      0      5 | 5  |   |  -114  -87 -91 -66  109 1522 11680 75|| 
 204150744 | 215   0   0   0 | 280 280 280 280 |   2348   4067  15301 |    -51    -18     14 |      8      0      5 | 5  |   |  -114  123 1 -16  119 1522 11680 75|| 
 205065984 | 215   0   0   0 | 280 280 280 280 |   2117   3574  15837 |     36     94    -28 |      8      0      5 | 5  |   |  -114  99 -18 -128  32 1522 11680 75|| 
 205981935 | 215   0   0   0 | 280 280 280 280 |   1753   3164  15958 |      0  11494  23423 |      8      0      5 | 5  |   |  -114  -22 -120 -8  68 1522 11680 75|| 
 206897342 | 215   0   0   0 | 280 280 280 280 |   1627   3764  16050 |      8   -154     38 |      8      0      5 | 5  |   |  -114  -114 48 120  60 1522 11680 75|| 
 207812892 | 215   0   0   0 | 280 280 280 280 |   1876   3159  15888 |    -88    -16     17 |      8      0      5 | 5  |   |  -114  48 -115 -18  -100 1522 11680 75|| 
Error reading sensor fifo: -2
 208781425 | 215   0   0   0 | 280 280 280 280 |   1578   3058  15814 |    -71     65     -3 |      8      0      5 | 5  |   |  -114  122 -14 -99  -117 1522 11680 75|| 
 209696057 | 215   0   0   0 | 280 280 280 280 |   1355   2328  16035 |   -195    619   -159 |      8      0      5 | 5  |   |  -114  -99 -52 115  7 1522 11680 75|| 
Error reading sensor fifo: -1
 210665776 | 215   0   0   0 | 280 280 280 280 |     53    277  15620 |     22     35    -42 |      8      0      5 | 5  |   |  -114  60 -49 -69  46 1522 11680 75|| 
 211581016 | 215   0   0   0 | 280 280 280 280 |    259    272  15691 |     25     85    -18 |      8      0      5 | 5  |   |  -114  -11 -44 -119  43 1522 11680 75|| 
 212497859 | 215   0   0   0 | 280 280 280 280 |    299    312  15758 |    -10     38    -16 |      8      0      5 | 5  |   |  -114  -78 -84 -72  78 1522 11680 75|| 
 213412934 | 215   0   0   0 | 280 280 280 280 |    292    321  15788 |    -32     22    -23 |      8      0      5 | 5  |   |  -114  -108 -93 -56  100 1522 11680 75|| 
count = 1
 214330374 | 215   0   0   0 | 220  40 340 400 |   -458   -475  15511 |   -950   1123   -339 |      8      1      5 | 5  |   |  -114  -87 -65 123  -6 1522 11680 75|| 
 215246027 | 215   0   0   0 | 220 140 340 380 |   1130    549  16051 |     80   -788    159 |      8      1      5 | 5  |   |  -114  -115 -65 -14  -12 1522 11680 75|| 
 216161512 | 215   0   0   0 |  60 200 400 340 |  -1079   -156  15311 |    375  -1058    513 |      8      1      5 | 5  |   |  -114  113 -128 0  -51 1522 11680 75|| 
 217078354 | 215   0   0   0 | 200 200 360 340 |   1137   1336  16335 |  -1125    463   -791 |      8      1      5 | 5  |   |  -114  113 -84 15  -87 1522 11680 75|| 
 217993844 | 215   0   0   0 | 360 180 180 360 |   -297    705  15808 |    678   -730     77 |      8      1      5 | 5  |   |  -114  -128 35 -72  -98 1522 11680 75|| 
count = 1
Error reading sensor fifo: -2
 218962743 | 215   0   0   0 | 280 280 280 280 |    696    862  16009 |   -241    442   -178 |      8      0      5 | 5  |   |  -114  -73 -122 36  53 1522 11680 75|| 
Error reading sensor fifo: -1
 219932539 | 215   0   0   0 | 280 280 280 280 |    848    318  15591 |     13    111   -214 |      8      0      5 | 5  |   |  -114  89 -90 111  55 1522 11680 75|| 
Error reading sensor fifo: -1
Error reading sensor fifo: -1
 220954339 | 215   0   0   0 | 280 280 280 280 |    375    290  15516 |    123    119   -216 |      8      0      5 | 5  |   |  -114  -92 -62 103  -55 1522 11680 75|| 
count = 1
 221871018 | 215   0   0   0 | 280 280 280 280 |    884    232  15497 |     32    -64     -1 |      8      0      6 | 5  |   |  -114  -73 -4 30  36 1522 11680 75|| 
count = 1
 222788517 | 215   0   0   0 | 280 280 280 280 |    384    678  15512 |     30      7     16 |      8      0      7 | 5  |   |  -114  -88 62 -41  38 1522 11680 75|| 
count = 1
 223705309 | 215   0   0   0 | 280 280 280 280 |    415    219  15438 |     18     43    -24 |      8      0      8 | 5  |   |  -114  -14 9 -77  50 1522 11680 75|| 
Error reading sensor fifo: -2
 224672957 | 215   0   0   0 | 280 280 280 280 |   3808    -14  15716 |  -1359    178   -707 |      8      0      8 | 5  |   |  -114  -36 -14 44  -109 1522 11680 75|| 
 225589036 | 215   0   0   0 | 280 280 280 280 |  -3178   -420  15370 |  -6665 -15960  31482 |      8      0      8 | 5  |   |  -114  54 -120 54  77 1522 11680 75|| 
 226504740 | 215   0   0   0 | 280 280 280 280 |  -3771    -84  15965 |    -44    -65      5 |      8      0      8 | 5  |   |  -114  -29 56 31  112 1522 11680 75|| 
 227420982 | 215   0   0   0 | 280 280 280 280 |  -4192    -92  15877 |     99     27     -6 |      8      0      8 | 5  |   |  -114  59 64 -61  -31 1522 11680 75|| 
Error reading sensor fifo: -1
 228389597 | 215   0   0   0 | 280 280 280 280 |   3368   1456  15701 |    639      4   -223 |      8      0      8 | 5  |   |  -114  -21 52 -38  -59 1522 11680 75|| 
 229306425 | 215   0   0   0 | 280 280 280 280 |   5827   1149  15572 |    144    116    113 |      8      0      8 | 5  |   |  -114  108 103 106  -76 1522 11680 75|| 
 230223481 | 215   0   0   0 | 280 280 280 280 |   -791   -914  15265 |   -942    222     13 |      8      0      8 | 5  |   |  -114  -97 118 0  -14 1522 11680 75|| 
 231139347 | 215   0   0   0 | 280 280 280 280 |  -1937   -456  15730 |   1811   -722    165 |      8      0      8 | 5  |   |  -114  -50 -84 -80  49 1522 11680 75|| 
Error reading sensor fifo: -1
 232108315 | 215   0   0   0 | 280 280 280 280 |   1242  -3425  13811 |   -277    658   -265 |      8      0      8 | 5  |   |  -114  77 69 76  89 1522 11680 75|| 
 233024731 | 215   0   0   0 | 280 280 280 280 |  -1616   -653  14154 |  19327 -25304 -32423 |      8      0      8 | 5  |   |  -114  -10 113 -74  -59 1522 11680 75|| 
 233940123 | 215   0   0   0 | 280 280 280 280 |    504   3794  16103 |    342   -132    188 |      8      0      8 | 5  |   |  -114  89 18 98  -18 1522 11680 75|| 
 234856099 | 215   0   0   0 | 280 280 280 280 |   4120   -457  16219 |    -35   1120   -935 |      8      0      8 | 5  |   |  -114  -27 -83 126  103 1522 11680 75|| 
Error reading sensor fifo: -1
 235824883 | 215   0   0   0 | 280 280 280 280 |   2261    437  16482 |    649   -333    416 |      8      0      8 | 5  |   |  -114  -34 47 43  -69 1522 11680 75|| 
 236740707 | 215   0   0   0 | 280 280 280 280 |    244   -933  15883 |   -165   -276   1180 |      8      0      8 | 5  |   |  -114  53 -119 -14  -23 1522 11680 75|| 
 237657661 | 215   0   0   0 | 280 280 280 280 |    800  -1050  14872 |   -139    216    327 |      8      0      8 | 5  |   |  -114  40 -2 6  -49 1522 11680 75|| 
Error reading sensor fifo: -1
 238626872 | 215   0   0   0 | 280 280 280 280 |    399  -1587  11745 |    -76    135   -320 |      8      0      8 | 5  |   |  -114  95 23 87  -112 1522 11680 75|| 
Error reading sensor fifo: -1
 239597577 | 215   0   0   0 | 280 280 280 280 |   1639   1375  12112 |    -14   -347    258 |      8      0      8 | 5  |   |  -114  -16 -123 57  82 1522 11680 75|| 
 240512740 | 215   0   0   0 | 280 280 280 280 |   1040   1711  12775 |     18     22    110 |      8      0      8 | 5  |   |  -114  89 53 -56  50 1522 11680 75|| 
 241428433 | 215   0   0   0 | 280 280 280 280 |   1279   2319  14323 |    381   -249    328 |      8      0      8 | 5  |   |  -114  77 -43 -41  -57 1522 11680 75|| 
 242345281 | 215   0   0   0 | 280 280 280 280 |   1847   4417  14940 |    139   -151     -4 |      8      0      8 | 5  |   |  -114  -28 -93 117  -71 1522 11680 75|| 
 243261192 | 215   0   0   0 | 280 280 280 280 |   2007   3227  14999 |   -247    773   -116 |      8      0      8 | 5  |   |  -114  -87 73 -39  59 1522 11680 75|| 
 244177213 | 215   0   0   0 | 280 280 280 280 |    284  -3225  14725 |     44   -272     57 |      8      0      8 | 5  |   |  -114  -69 125 -18  24 1522 11680 75|| 
 245093224 | 215   0   0   0 | 280 280 280 280 |   3155   4174  15749 |   -114   -221     60 |      8      0      8 | 5  |   |  -114  -69 -106 -69  -74 1522 11680 75|| 
Error reading sensor fifo: -1
 246062134 | 215   0   0   0 | 280 280 280 280 |   2393   4387  16241 |     -4     11    -17 |      8      0      8 | 5  |   |  -114  -49 -63 -45  72 1522 11680 75|| 
count = 1
Error reading sensor fifo: -1
 247032361 | 215   0   0   0 | 400 360 -20 200 |   2438   4241  16696 |  -1260   1919  -1307 |      8      1      8 | 5  |   |  -114  8 83 95  48 1522 11680 75|| 
 247948922 | 215   0   0   0 | 420 -20 -20 420 |   1360   4226  16514 |    -66    237    -76 |      8      1      8 | 5  |   |  -114  -66 98 -15  -122 1522 11680 75|| 
 248866249 | 215   0   0   0 | 180 420 360 -20 |   2752   5946  16763 |  31152 -12014 -27172 |      8      1      8 | 5  |   |  -114  -59 -86 -52  -108 1522 11680 75|| 
 249783539 | 215   0   0   0 | 360 340 180 220 |    947   3524  17189 |   -643    889   -200 |      8      1      8 | 5  |   |  -114  27 32 101  -57 1522 11680 75|| 
 250700413 | 215   0   0   0 | 360 160 180 360 |   2328   5057  17339 |     33   -481      0 |      8      1      8 | 5  |   |  -114  -123 35 -65  35 1522 11680 75|| 
 251617286 | 215   0   0   0 | 340 340 220 200 |   1357   4053  17200 |    351   -463    256 |      8      1      8 | 5  |   |  -114  16 15 -83  -27 1522 11680 75|| 
Error reading sensor fifo: -1
 252587578 | 215   0   0   0 | 180 260 360 300 |    310   2882  16876 |    646   -675     -6 |      8      1      8 | 5  |   |  -114  84 -94 -127  -66 1522 11680 75|| 
Error reading sensor fifo: -1
 253556952 | 215   0   0   0 | -20 100 420 380 |    184   3196  16294 |    639   -485    332 |      8      1      8 | 5  |   |  -114  -102 104 -61  -59 1522 11680 75|| 
count = 1
 254475622 | 215   0   0   0 | 280 280 280 280 |   1494   1673  16434 |    365   -123     72 |      8      0      8 | 5  |   |  -114  14 91 89  -41 1522 11680 75|| 
 255391840 | 215   0   0   0 | 280 280 280 280 |   1295   1314  15565 |   -111     -4   -105 |      8      0      8 | 5  |   |  -114  115 -62 -30  -77 1522 11680 75|| 
 256307121 | 215   0   0   0 | 280 280 280 280 |    851    772  15310 |     14    -22    -32 |      8      0      8 | 5  |   |  -114  114 -32 -12  54 1522 11680 75|| 
 257223243 | 215   0   0   0 | 280 280 280 280 |    484    797  15155 |    -48    124     25 |      8      0      8 | 5  |   |  -114  13 -57 98  116 1522 11680 75|| 
 258138717 | 215   0   0   0 | 280 280 280 280 |    136    372  15074 |    -62     34      9 |      8      0      8 | 5  |   |  -114  94 112 -68  -126 1522 11680 75|| 
 259055135 | 215   0   0   0 | 280 280 280 280 |    189    218  15018 |     42     31     -4 |      8      0      8 | 5  |   |  -114  -106 10 -65  26 1522 11680 75||
