   1207595 |   0   0   0   0 |   0   0   0   0 |    -20    125    -59 |    -38    -14     -9 |      0      0      0 | 0  |   |  0  0|| 
count = 1
   1609604 |   0   0   0   0 |   0   0   0   0 |   -143    226   -105 |    -38    -15    -13 |      0      0      0 | 0  |   |  0  0|| 
   2015134 |   0   0   0   0 |   0   0   0   0 |   -239    303   -159 |    -38    -14    -11 |      0      0      0 | 0  |   |  0  0|| 
   2417218 |   0   0   0   0 |   0   0   0   0 |   -307    358   -212 |    -37    -15    -14 |      0      0      0 | 0  |   |  0  0|| 
   2819008 |   0   0   0   0 |   0   0   0   0 |   -360    399   -272 |    -38    -15     -6 |      0      0      0 | 0  |   |  0  0|| 
   3221061 |   0   0   0   0 |   0   0   0   0 |   -405    427   -314 |    -37    -18    -14 |      0      0      0 | 0  |   |  0  0|| 
   3623693 |   0   0   0   0 |   0   0   0   0 |   -432    453   -371 |    -37    -17    -14 |      0      0      0 | 0  |   |  0  0|| 
   4024761 |   0   0   0   0 |   0   0   0   0 |   -455    471   -424 |    -38    -15    -12 |      0      0      0 | 0  |   |  0  0|| 
   4426727 |   0   0   0   0 |   0   0   0   0 |   -470    485   -481 |    -38    -16    -13 |      0      0      0 | 0  |   |  0  0|| 
   4828920 |   0   0   0   0 |   0   0   0   0 |   -482    497   -538 |    -38    -16    -13 |      0      0      0 | 0  |   |  0  0|| 
   5230923 |   0   0   0   0 |   0   0   0   0 |   -491    504   -592 |    -38    -15    -12 |      0      0      0 | 0  |   |  0  0|| 
   5633606 |   0   0   0   0 |   0   0   0   0 |   -497    511   -648 |    -38    -16    -12 |      0      0      0 | 0  |   |  0  0|| 
   6035796 |   0   0   0   0 |   0   0   0   0 |   -503    516   -706 |    -37    -16    -13 |      0      0      0 | 0  |   |  0  0|| 
count = 1
   6437861 |   0   0   0   0 |   0   0   0   0 |   -506    517   -761 |    -38    -15    -12 |      0      0      0 | 3  |   |  0  -12|| 
   6840336 |   0   0   0   0 |   0   0   0   0 |   -510    521   -816 |    -38    -16    -13 |      0      0      0 | 3  |   |  0  -13|| 
   7242120 |   0   0   0   0 |   0   0   0   0 |   -512    523   -872 |    -38    -17    -13 |      0      0      0 | 3  |   |  0  -13|| 
   7644522 |   0   0   0   0 |   0   0   0   0 |   -514    524   -926 |    -38    -15    -12 |      0      0      0 | 3  |   |  0  -12|| 
   8046843 |   0   0   0   0 |   0   0   0   0 |   -516    525   -983 |    -38    -16    -13 |      0      0      0 | 3  |   |  0  -13|| 
   8449324 |   0   0   0   0 |   0   0   0   0 |   -516    525  -1039 |    -39    -15    -11 |      0      0      0 | 3  |   |  0  -11|| 
   8851643 |   0   0   0   0 |   0   0   0   0 |   -518    525  -1094 |    -38    -16    -12 |      0      0      0 | 3  |   |  0  -12|| 
   9254337 |   0   0   0   0 |   0   0   0   0 |   -519    528  -1151 |    -37    -17    -15 |      0      0      0 | 3  |   |  0  -15|| 
   9660235 |   0   0   0   0 |   0   0   0   0 |   -521    527  -1211 |    -38    -14    -12 |      0      0      0 | 3  |   |  0  -12|| 
  10061477 |   0   0   0   0 |   0   0   0   0 |   -520    526  -1267 |    -37    -17    -16 |      0      0      0 | 3  |   |  0  -16|| 
  10463617 |   0   0   0   0 |   0   0   0   0 |   -523    522  -1326 |    -38    -14    -12 |      0      0      0 | 3  |   |  0  -12|| 
  10865525 |   0   0   0   0 |   0   0   0   0 |   -523    522  -1382 |    -37    -16    -12 |      0      0      0 | 3  |   |  0  -12|| 
  11266664 |   0   0   0   0 |   0   0   0   0 |   -522    529  -1441 |    -37    -19    -16 |      0      0      0 | 3  |   |  0  -16|| 
  11668824 |   0   0   0   0 |   0   0   0   0 |   -516    538  -1512 |    -38    -16    -15 |      0      0      0 | 3  |   |  0  -15|| 
  12071149 |   0   0   0   0 |   0   0   0   0 |   -523    533  -1558 |    -43    -13    -11 |      0      0      0 | 3  |   |  0  -11|| 
  12473509 |   0   0   0   0 |   0   0   0   0 |   -524    532  -1612 |    -38    -16    -11 |      0      0      0 | 3  |   |  0  -11|| 
  12876181 |   0   0   0   0 |   0   0   0   0 |   -525    529  -1666 |    -39    -15    -12 |      0      0      0 | 3  |   |  0  -12|| 
  13278374 |   0   0   0   0 |   0   0   0   0 |   -527    528  -1720 |    -38    -15    -13 |      0      0      0 | 3  |   |  0  -13|| 
  13680700 |   0   0   0   0 |   0   0   0   0 |   -529    528  -1778 |    -40    -15    -12 |      0      0      0 | 3  |   |  0  -12|| 
  14082775 |   0   0   0   0 |   0   0   0   0 |   -531    528  -1832 |    -38    -15    -13 |      0      0      0 | 3  |   |  0  -13|| 
  14484954 |   0   0   0   0 |   0   0   0   0 |   -528    529  -1889 |    -38    -15    -12 |      0      0      0 | 3  |   |  0  -12|| 
  14887246 |   0   0   0   0 |   0   0   0   0 |   -527    530  -1946 |     -1     -2      2 |      0      0      0 | 3  |   |  0  2|| 
  15289965 |   0   0   0   0 |   0   0   0   0 |   -392    472  -1952 |      0      0     -1 |      0      0      0 | 3  |   |  0  -1|| 
  15692448 |   0   0   0   0 |   0   0   0   0 |   -286    433  -1958 |     -1     -2     -1 |      0      0      0 | 3  |   |  0  -1|| 
  16094435 |   0   0   0   0 |   0   0   0   0 |   -209    402  -1962 |     -1     -1      0 |      0      0      0 | 3  |   |  0  0|| 
  16497380 |   0   0   0   0 |   0   0   0   0 |   -153    381  -1965 |     -1     -2     -1 |      0      0      0 | 3  |   |  0  -1|| 
  16902129 |   0   0   0   0 |   0   0   0   0 |   -107    363  -1969 |     -1     -2     -1 |      0      0      0 | 3  |   |  0  -1|| 
  17303927 |   0   0   0   0 |   0   0   0   0 |    -75    351  -1972 |     -1     -1     -1 |      0      0      0 | 3  |   |  0  -1|| 
  17706474 |   0   0   0   0 |   0   0   0   0 |    -51    340  -1975 |     -1     -1     -1 |      0      0      0 | 3  |   |  0  -1|| 
  18108445 |   0   0   0   0 |   0   0   0   0 |    -34    332  -1977 |     -2     -2      0 |      0      0      0 | 3  |   |  0  0|| 
  18509960 |   0   0   0   0 |   0   0   0   0 |    -22    326  -1977 |     -1     -2     -1 |      0      0      0 | 3  |   |  0  -1|| 
  18911701 |   0   0   0   0 |   0   0   0   0 |    -13    323  -1979 |     -1     -1     -1 |      0      0      0 | 3  |   |  0  -1|| 
  19313155 |   0   0   0   0 |   0   0   0   0 |     -5    320  -1981 |     -1     -1     -1 |      0      0      0 | 3  |   |  0  -1|| 
  19715132 |   0   0   0   0 |   0   0   0   0 |      0    318  -1982 |     -1     -2      0 |      0      0      0 | 3  |   |  0  0|| 
  20117838 |   0   0   0   0 |   0   0   0   0 |      4    317  -1984 |     -1     -2     -1 |      0      0      0 | 3  |   |  0  -1|| 
  20520365 |   0   0   0   0 |   0   0   0   0 |      7    317  -1986 |     -1     -2     -1 |      0      0      0 | 3  |   |  0  -1|| 
  20922364 |   0   0   0   0 |   0   0   0   0 |      9    316  -1987 |     -1     -2      0 |      0      0      0 | 3  |   |  0  0|| 
  21325053 |   0   0   0   0 |   0   0   0   0 |     10    315  -1989 |     -1     -2     -1 |      0      0      0 | 3  |   |  0  -1|| 
  21727540 |   0   0   0   0 |   0   0   0   0 |     12    315  -1991 |     -1     -1      0 |      0      0      0 | 3  |   |  0  0|| 
  22129884 |   0   0   0   0 |   0   0   0   0 |     12    314  -1994 |     -1     -1     -1 |      0      0      0 | 3  |   |  0  -1|| 
  22532559 |   0   0   0   0 |   0   0   0   0 |     13    313  -1997 |     -1     -1     -1 |      0      0      0 | 3  |   |  0  -1|| 
  22935090 |   0   0   0   0 |   0   0   0   0 |     18    312  -1997 |      0      0     -1 |      0      0      0 | 3  |   |  0  -1|| 
  23337500 |   0   0   0   0 |   0   0   0   0 |     22    313  -1996 |     -1     -1      0 |      0      0      0 | 3  |   |  0  0|| 
  23740144 |   0   0   0   0 |   0   0   0   0 |     23    314  -1996 |      0      0     -1 |      0      0      0 | 3  |   |  0  -1|| 
  24142636 |   0   0   0   0 |   0   0   0   0 |     25    314  -1995 |     -1     -1     -1 |      0      0      0 | 3  |   |  0  -1|| 
  24547809 |   0   0   0   0 |   0   0   0   0 |     26    314  -1994 |      0      0      0 |      0      0      0 | 3  |   |  0  0|| 
  24949991 |   0   0   0   0 |   0   0   0   0 |     27    313  -1994 |      0      0      0 |      0      0      0 | 3  |   |  0  0|| 
  25351630 |   0   0   0   0 |   0   0   0   0 |     28    314  -1994 |     -1     -1     -1 |      0      0      0 | 3  |   |  0  -1|| 
  25753380 |   0   0   0   0 |   0   0   0   0 |     31    315  -1998 |      0      0      1 |      0      0      0 | 3  |   |  0  1|| 
  26155492 |   0   0   0   0 |   0   0   0   0 |     36    313  -1997 |     -1     -1     -2 |      0      0      0 | 3  |   |  0  -2|| 
  26557455 |   0   0   0   0 |   0   0   0   0 |     37    315  -1998 |     -1     -1      1 |      0      0      0 | 3  |   |  0  1|| 
  26959659 |   0   0   0   0 |   0   0   0   0 |     38    316  -1998 |     -1     -2     -2 |      0      0      0 | 3  |   |  0  -2|| 
  27362339 |   0   0   0   0 |   0   0   0   0 |     37    315  -1997 |     -1     -1     -1 |      0      0      0 | 3  |   |  0  -1|| 
  27764910 |   0   0   0   0 |   0   0   0   0 |     37    315  -1996 |     -1     -1      0 |      0      0      0 | 3  |   |  0  0|| 
  28167209 |   0   0   0   0 |   0   0   0   0 |     36    313  -1994 |     -2     -1      3 |      0      0      0 | 3  |   |  0  3|| 
  28569612 |   0   0   0   0 |   0   0   0   0 |     35    314  -1991 |     -2     -1      0 |      0      0      0 | 3  |   |  0  0|| 
count = 1
count = 1
  28972104 |   0   0   0   0 |   0   0   0   0 |     31    313  -1990 |     -1     -1     -1 |      0      0      0 | 3  |   |  0  -1|| 
  29374433 |   0   0   0   0 |   0   0   0   0 |     31    312  -1989 |     -2     -1      1 |      0      0      0 | 3  |   |  0  1|| 
  29776818 |   0   0   0   0 |   0   0   0   0 |     30    312  -1987 |     -1     -1      0 |      0      0      0 | 3  |   |  0  0|| 
  30179305 |   0   0   0   0 |   0   0   0   0 |     28    312  -1984 |      0      0      0 |      0      0      0 | 3  |   |  0  0|| 
  30581651 |   0   0   0   0 |   0   0   0   0 |     30    314  -1984 |     -1     -2     -1 |      0      0      0 | 3  |   |  0  -1|| 
  30984333 |   0   0   0   0 |   0   0   0   0 |     34    315  -1987 |     -1     -1     -1 |      0      0      0 | 3  |   |  0  -1|| 
  31386853 |   0   0   0   0 |   0   0   0   0 |     35    315  -1984 |     -1     -1      1 |      0      0      0 | 3  |   |  0  1|| 
  31791995 |   0   0   0   0 |   0   0   0   0 |     34    314  -1982 |     -1     -2     -1 |      0      0      0 | 3  |   |  0  -1|| 
  32194165 |   0   0   0   0 |   0   0   0   0 |     34    313  -1982 |      0      0      0 |      0      0      0 | 3  |   |  0  0|| 
  32596102 |   0   0   0   0 |   0   0   0   0 |     23    287  -1993 |     -2     -7      7 |      0      0      0 | 3  |   |  0  7|| 
  32997876 |   0   0   0   0 |   0   0   0   0 |     22    296  -1990 |     -1    -52      5 |      0      0      0 | 3  |   |  0  5|| 
  33400097 |   0   0   0   0 |   0   0   0   0 |     24    287  -1994 |     -1     -3      2 |      0      0      0 | 3  |   |  0  2|| 
  33801687 |   0   0   0   0 |   0   0   0   0 |     20    288  -1958 |     -2     55     76 |      0      0      0 | 3  |   |  0  76|| 
  34203519 |   0   0   0   0 |   0   0   0   0 |   -335    128  -1148 |    299     35    263 |      0      0      0 | 3  |   |  0  263|| 
  34606237 |   0   0   0   0 |   0   0   0   0 |   2319   -745   -105 |     75    285    351 |      0      0      0 | 3  |   |  0  351|| 
  35008737 |   0   0   0   0 |   0   0   0   0 |   1382   1755   1665 |   -635   -545    508 |      0      0      0 | 3  |   |  0  508|| 
  35410741 |   0   0   0   0 |   0   0   0   0 |    335    535   1079 |   -395   -314   -335 |      0      0      0 | 3  |   |  0  -335|| 
  35813447 |   0   0   0   0 |   0   0   0   0 |  -2109    118    903 |   -251   1258    260 |      0      0      0 | 3  |   |  0  260|| 
  36215956 |   0   0   0   0 |   0   0   0   0 |  -1614  -2590   2100 |    359   -591    269 |      0      0      0 | 3  |   |  0  269|| 
  36618280 |   0   0   0   0 |   0   0   0   0 |  -1064   -141   1941 |     91   -295   -176 |      0      0      0 | 3  |   |  0  -176|| 
  37020970 |   0   0   0   0 |   0   0   0   0 |  -1209     57   1977 |   -223    162    -25 |      0      0      0 | 3  |   |  0  -25|| 
  37423452 |   0   0   0   0 |   0   0   0   0 |   -527     97   1227 |    -32    -49   -147 |      0      0      0 | 3  |   |  0  -147|| 
  37825437 |   0   0   0   0 |   0   0   0   0 |  -1337    294    849 |   -251   -147     45 |      0      0      0 | 3  |   |  0  45|| 
count = 1
  38227654 |   0   0   0   0 |   0   0   0   0 |  -1071    465   1017 |    -28    -71    118 |      0      0      0 | 2  |   |  0  121|| 
  38630037 |   0   0   0   0 |   0   0   0   0 |  -1040    658    813 |      8    -95    -71 |      0      0      0 | 2  |   |  0  121|| 
  39032353 |   0   0   0   0 |   0   0   0   0 |   -937    778    398 |    -50     -3    -36 |      0      0      0 | 2  |   |  0  121|| 
  39438075 |   0   0   0   0 |   0   0   0   0 |   -668    952    -77 |    143     29   -120 |      0      0      0 | 2  |   |  0  121|| 
  39839982 |   0   0   0   0 |   0   0   0   0 |   -886    530   -119 |    129    146     82 |      0      0      0 | 2  |   |  0  121|| 
  40241794 |   0   0   0   0 |   0   0   0   0 |   -697    145    308 |     11     39     39 |      0      0      0 | 2  |   |  0  121|| 
  40643749 |   0   0   0   0 |   0   0   0   0 |   -635    272    133 |    -12      4   -122 |      0      0      0 | 2  |   |  0  121|| 
  41045568 |   0   0   0   0 |   0   0   0   0 |   -320     75   -467 |   -105     21      2 |      0      0      0 | 2  |   |  0  121|| 
  41446738 |   0   0   0   0 |   0   0   0   0 |   -391     31   -599 |    -50     42     89 |      0      0      0 | 2  |   |  0  121|| 
  41848181 |   0   0   0   0 |   0   0   0   0 |   -362    -18   -469 |    164   -178    -52 |      0      0      0 | 2  |   |  0  121|| 
  42250691 |   0   0   0   0 |   0   0   0   0 |   -614    512   -804 |   -120     53    -42 |      0      0      0 | 2  |   |  0  121|| 
  42653020 |   0   0   0   0 |   0   0   0   0 |   -921   -249   -349 |    205     81    146 |      0      0      0 | 2  |   |  0  121|| 
count = 1
count = 1
  43055729 |  10   0   0   0 |  60  60  60  60 |   -675   -317   -338 |    -82     21    -62 |      0      0      0 | 2  |   |  0  121|| 
count = 1
  43458205 |  15   0   0   0 |  60  60  60  60 |   -488   -422   -224 |    100    -85     41 |      0      0      0 | 2  |   |  0  121|| 
count = 1
count = 1
  43860509 |  25   0   0   0 | 100 100 100 100 |   -437   -352   -302 |      7    -34      7 |      0      0      0 | 2  |   |  0  121|| 
  44263194 |  25   0   0   0 | 100 100 100 100 |   -314   -266   -389 |    -42     35     25 |      0      0      0 | 2  |   |  0  121|| 
  44665421 |  25   0   0   0 | 100 100 100 100 |   -361   -258   -227 |    -28    -50      1 |      0      0      0 | 2  |   |  0  121|| 
  45067121 |  25   0   0   0 | 100 100 100 100 |   -432   -342   -254 |    -18     15     -4 |      0      0      0 | 2  |   |  0  121|| 
  45469502 |  25   0   0   0 | 100 100 100 100 |   -440   -368   -366 |     -7     35     -7 |      0      0      0 | 2  |   |  0  121|| 
count = 1
  45871747 |  42   0   0   0 | 120 120 120 120 |   -254   -317   -446 |    -19     32    -35 |      0      0      0 | 2  |   |  0  121|| 
  46273714 |  42   0   0   0 | 120 120 120 120 |   -158   -291   -439 |    -11    -56     25 |      0      0      0 | 2  |   |  0  121|| 
  46680185 |  42   0   0   0 | 120 120 120 120 |   -310   -498   -542 |    -34     20     -3 |      0      0      0 | 2  |   |  0  121|| 
count = 1
count = 1
count = 1
  47081777 |  54   0   0   0 | 140 140 140 140 |   -407   -508   -497 |     22     33      9 |      0      0      0 | 2  |   |  0  121|| 
count = 1
  47483209 |  59   0   0   0 | 140 140 140 140 |   -449   -540   -661 |    -21    -73    -34 |      0      0      0 | 2  |   |  0  121|| 
count = 1
count = 1
count = 1
  47885046 |  72   0   0   0 | 160 160 160 160 |   -449   -480   -623 |     39    -16     19 |      0      0      0 | 2  |   |  0  121|| 
  48287049 |  72   0   0   0 | 160 160 160 160 |   -317   -399   -667 |     58     55      2 |      0      0      0 | 2  |   |  0  121|| 
count = 1
count = 1
  48688877 |  77   0   0   0 | 160 160 160 160 |   -319   -278   -812 |    -75    -38    -73 |      0      0      0 | 2  |   |  0  121|| 
count = 1
count = 1
  49090734 |  84   0   0   0 | 180 180 180 180 |   -316   -355   -828 |     31     44     -3 |      0      0      0 | 2  |   |  0  121|| 
  49492849 |  84   0   0   0 | 180 180 180 180 |   -224   -299   -861 |     -7    -11    -15 |      0      0      0 | 2  |   |  0  121|| 
count = 1
count = 1
  49895087 |  98   0   0   0 | 180 180 180 180 |   -195   -261   -890 |    -39     13     35 |      0      0      0 | 2  |   |  0  121|| 
count = 1
  50297755 | 101   0   0   0 | 200 200 200 200 |   -306   -176   -835 |    -16    -80     20 |      0      0      0 | 2  |   |  0  121|| 
count = 1
count = 1
  50700213 | 105   0   0   0 | 200 200 200 200 |   -135   -171   -757 |   -161     99     -8 |      0      0      0 | 2  |   |  0  121|| 
count = 1
count = 1
  51102271 | 113   0   0   0 | 200 200 200 200 |   -419   -179   -892 |     75    -61     23 |      0      0      0 | 2  |   |  0  121|| 
count = 1
count = 1
  51504901 | 117   0   0   0 | 200 200 200 200 |   -377   -217   -820 |     30    -32     -2 |      0      0      0 | 2  |   |  0  121|| 
count = 1
  51907427 | 122   0   0   0 | 220 220 220 220 |   -334   -119   -836 |    -26    -18     -7 |      0      0      0 | 2  |   |  0  121|| 
count = 1
  52309423 | 125   0   0   0 | 220 220 220 220 |   -396    -88   -858 |    -25     23     28 |      0      0      0 | 2  |   |  0  121|| 
  52711820 | 125   0   0   0 | 220 220 220 220 |   -309    -71   -786 |     25      4      4 |      0      0      0 | 2  |   |  0  121|| 
  53113987 | 125   0   0   0 | 220 220 220 220 |   -281    -77   -807 |      0    -12    -27 |      0      0      0 | 2  |   |  0  121|| 
  53516265 | 125   0   0   0 | 220 220 220 220 |   -268   -137   -799 |      1      5      9 |      0      0      0 | 2  |   |  0  121|| 
  53918989 | 125   0   0   0 | 220 220 220 220 |   -307    -69   -726 |    -39      5      5 |      0      0      0 | 2  |   |  0  121|| 
count = 1
count = 1
count = 1
  54324895 | 141   0   0   0 | 220 220 220 220 |   -412    -47   -636 |     77    -23     11 |      0      0      0 | 2  |   |  0  121|| 
count = 1
count = 1
  54726426 | 152   0   0   0 | 240 240 240 240 |   -296    -56   -628 |     41    -45    -18 |      0      0      0 | 2  |   |  0  121|| 
  55128608 | 152   0   0   0 | 240 240 240 240 |   -445   -158   -649 |     44    -35      8 |      0      0      0 | 2  |   |  0  121|| 
  55530480 | 152   0   0   0 | 240 240 240 240 |   -363    -54   -684 |      8    -13    -19 |      0      0      0 | 2  |   |  0  121|| 
  55932336 | 152   0   0   0 | 240 240 240 240 |   -380    -57   -661 |     -6      1      5 |      0      0      0 | 2  |   |  0  121|| 
  56333946 | 152   0   0   0 | 240 240 240 240 |   -416    -58   -593 |     62    -55      3 |      0      0      0 | 2  |   |  0  121|| 
count = 1
count = 1
count = 1
  56735421 | 170   0   0   0 | 260 260 260 260 |   -332    -29   -579 |     -1    -20    -10 |      0      0      0 | 2  |   |  0  121|| 
count = 1
  57137444 | 172   0   0   0 | 260 260 260 260 |   -243    -89   -497 |   -110    149     36 |      0      0      0 | 2  |   |  0  121|| 
count = 1
  57540138 | 174   0   0   0 | 260 260 260 260 |   -439   -191   -338 |    149   -134     21 |      0      0      0 | 2  |   |  0  121|| 
  57942615 | 174   0   0   0 | 260 260 260 260 |   -358    -62   -276 |    -38     39     13 |      0      0      0 | 2  |   |  0  121|| 
count = 1
count = 1
  58345248 | 185   0   0   0 | 260 260 260 260 |   -383    -81   -252 |    -52    -35    -25 |      0      0      0 | 2  |   |  0  121|| 
  58747661 | 185   0   0   0 | 260 260 260 260 |   -304   -106   -189 |     -7    -26     31 |      0      0      0 | 2  |   |  0  121|| 
count = 1
count = 1
count = 1
  59149914 | 195   0   0   0 | 260 260 260 260 |   -426    -53    -97 |     12      5     44 |      0      0      0 | 2  |   |  0  121|| 
count = 1
count = 1
count = 1
  59552195 | 204   0   0   0 | 280 280 280 280 |   -208   -121    189 |    173    -91     21 |      0      0      0 | 2  |   |  0  121|| 
count = 1
  59954895 | 207   0   0   0 | 280 280 280 280 |   -181   -149     41 |     47    -62     11 |      0      0      0 | 2  |   |  0  121|| 
  60357377 | 207   0   0   0 | 280 280 280 280 |    -31    -89     58 |    -34     17    -30 |      0      0      0 | 2  |   |  0  121|| 
  60759660 | 207   0   0   0 | 280 280 280 280 |    -16   -166    124 |    -42      1      9 |      0      0      0 | 2  |   |  0  121|| 
  61162356 | 207   0   0   0 | 280 280 280 280 |    -34     -5    123 |    -16     75    -15 |      0      0      0 | 2  |   |  0  121|| 
count = 1
  61564848 | 209   0   0   0 | 280 280 280 280 |    -74      3    175 |     91    -77     15 |      0      0      0 | 2  |   |  0  121|| 
count = 1
  61970936 | 212   0   0   0 | 280 280 280 280 |     57    -41    126 |    -40     97    -12 |      0      0      0 | 2  |   |  0  121|| 
  62372359 | 212   0   0   0 | 280 280 280 280 |   -191    -73    125 |    -25      8     19 |      0      0      0 | 2  |   |  0  121|| 
  62774300 | 212   0   0   0 | 280 280 280 280 |   -153   -141    205 |     94    -67    -18 |      0      0      0 | 2  |   |  0  121|| 
  63175821 | 212   0   0   0 | 280 280 280 280 |   -115   -113    186 |     16     37    -12 |      0      0      0 | 2  |   |  0  121|| 
  63577670 | 212   0   0   0 | 280 280 280 280 |    -75   -172    269 |     34    -18    -11 |      0      0      0 | 2  |   |  0  121|| 
  63979368 | 212   0   0   0 | 280 280 280 280 |    -53   -157    277 |     -4     -4     13 |      0      0      0 | 2  |   |  0  121|| 
  64381137 | 212   0   0   0 | 280 280 280 280 |    -36   -119    223 |    -55      0     29 |      0      0      0 | 2  |   |  0  121|| 
count = 1
  64783161 | 212   0   0   0 | 280 280 280 280 |    -58   -128    327 |    -19    -27     23 |      0      0      0 | 4  |   |  98  121|| 
  65185689 | 212   0   0   0 | 280 280 280 280 |    -94    -85    546 |     42     15     39 |      0      0      0 | 4  |   |  82  121|| 
  65587703 | 212   0   0   0 | 280 280 280 280 |   -154   -179    558 |     30    -34    -28 |      0      0      0 | 4  |   |  -107  121|| 
  65990404 | 212   0   0   0 | 280 280 280 280 |    -38   -190    480 |     -3    -34    -28 |      0      0      0 | 4  |   |  -107  121|| 
  66392630 | 212   0   0   0 | 280 280 280 280 |    -35   -149    483 |    -36    -13     12 |      0      0      0 | 4  |   |  109  121|| 
  66794652 | 212   0   0   0 | 280 280 280 280 |    -21   -129    517 |     18     -9     11 |      0      0      0 | 4  |   |  110  121|| 
  67197364 | 212   0   0   0 | 280 280 280 280 |    -91   -160    505 |      7      7     19 |      0      0      0 | 4  |   |  102  121|| 
  67599833 | 212   0   0   0 | 280 280 280 280 |   -128   -181    564 |     -4      6     14 |      0      0      0 | 4  |   |  107  121|| 
  68002114 | 212   0   0   0 | 280 280 280 280 |   -138   -238    590 |    -15    -17    -11 |      0      0      0 | 4  |   |  -124  121|| 
  68404491 | 212   0   0   0 | 280 280 280 280 |    -35   -193    587 |     27     31     -4 |      0      0      0 | 4  |   |  125  121|| 
  68806364 | 212   0   0   0 | 280 280 280 280 |    -22   -272    542 |     59    -29    -42 |      0      0      0 | 4  |   |  -93  121|| 
  69211665 | 212   0   0   0 | 280 280 280 280 |   -482   -313   -662 |   -370     -1   -615 |      0      0      0 | 4  |   |  -32  121|| 
  69613538 | 212   0   0   0 | 280 280 280 280 |  -1231     86  -4086 |   -100      4   -349 |      0      0      0 | 4  |   |  -42  121|| 
  70015507 | 212   0   0   0 | 280 280 280 280 |   -131  -1051   -268 |    216    344   1462 |      0      0      0 | 4  |   |  -61  121|| 
  70417289 | 212   0   0   0 | 280 280 280 280 |   -181  -1027     87 |    -44   -214   -989 |      0      0      0 | 4  |   |  86  121|| 
  70819453 | 212   0   0   0 | 280 280 280 280 |   -601   -768  -1999 |    134     74    484 |      0      0      0 | 4  |   |  -107  121|| 
  71221947 | 212   0   0   0 | 280 280 280 280 |    169   -635   1112 |    -55    -19     98 |      0      0      0 | 4  |   |  23  121|| 
  71622909 | 212   0   0   0 | 280 280 280 280 |   -894    183  -2220 |   -415   -348   -984 |      0      0      0 | 4  |   |  81  121|| 
  72025252 | 212   0   0   0 | 280 280 280 280 |   -622    149  -1605 |    419    203   1243 |      0      0      0 | 4  |   |  -98  121|| 
  72427760 | 212   0   0   0 | 280 280 280 280 |      7   -841   3003 |    -34    417   -106 |      0      0      0 | 4  |   |  -29  121|| 
  72830093 | 212   0   0   0 | 280 280 280 280 |   -110   -331   2994 |    -43    -43    555 |      0      0      0 | 4  |   |  78  121|| 
  73232807 | 212   0   0   0 | 280 280 280 280 |    366   -883   5072 |    -80    131    170 |      0      0      0 | 4  |   |  -49  121|| 
  73635126 | 212   0   0   0 | 280 280 280 280 |    291   -606   3253 |    136   -146   -465 |      0      0      0 | 4  |   |  74  121|| 
  74037383 | 212   0   0   0 | 280 280 280 280 |    891   -840   5475 |    190    221    512 |      0      0      0 | 4  |   |  121  121|| 
  74439588 | 212   0   0   0 | 280 280 280 280 |    529   -998   2910 |    -34   -163   -828 |      0      0      0 | 4  |   |  -75  121|| 
  74842007 | 212   0   0   0 | 280 280 280 280 |    630   -789   1185 |   -110   -136    -87 |      0      0      0 | 4  |   |  -48  121|| 
  75244342 | 212   0   0   0 | 280 280 280 280 |    232   -476    217 |    153    162   -174 |      0      0      0 | 4  |   |  39  121|| 
  75646437 | 212   0   0   0 | 280 280 280 280 |    302   -337  -1571 |   -224   -211   -406 |      0      0      0 | 4  |   |  15  121|| 
count = 1
  76048645 | 212   0   0   0 | 240 320 240 320 |   -227   -402  -1925 |     77    -33     61 |      1      0      0 | 4  |   |  60  121|| 
  76450671 | 212   0   0   0 | 300 280 300 280 |    -94   -490  -1524 |    -94      9    135 |      1      0      0 | 4  |   |  -14  121|| 
  76856384 | 212   0   0   0 | 280 300 280 300 |    650   -828   3718 |     39    249   1129 |      1      0      0 | 4  |   |  16  121|| 
  77257652 | 212   0   0   0 | 240 320 240 320 |  -1154   -486    875 |    307   -105   -396 |      1      0      0 | 4  |   |  5  121|| 
  77659904 | 212   0   0   0 | 220 320 220 320 |    603   -303   2195 |    344   -268   1326 |      1      0      0 | 4  |   |  75  121|| 
  78061950 | 212   0   0   0 | 220 340 220 340 |    338   -760   2529 |   -489    -13  -1505 |      1      0      0 | 4  |   |  90  121|| 
  78463707 | 212   0   0   0 | 300 260 300 260 |    956   -507   2808 |    308     44   1697 |      1      0      0 | 4  |   |  -40  121|| 
  78865421 | 212   0   0   0 | 220 340 220 340 |    289  -1615   1942 |   -210   -111  -2007 |      1      0      0 | 4  |   |  80  121|| 
  79266628 | 212   0   0   0 | 320 240 320 240 |    -27  -1516   -509 |    461    195    933 |      1      0      0 | 4  |   |  -44  121|| 
  79668755 | 212   0   0   0 | 220 340 220 340 |   -867  -1032  -1980 |  -1122    -70  -1506 |      1      0      0 | 4  |   |  91  121|| 
  80071110 | 212   0   0   0 | 320 240 320 240 |    -71  -3115    476 |    196    -22   1195 |      1      0      0 | 4  |   |  -50  121|| 
  80473820 | 212   0   0   0 | 260 300 260 300 |    128  -2210   3414 |    133   -188   -434 |      1      0      0 | 4  |   |  43  121|| 
  80876045 | 212   0   0   0 | 340 200 340 200 |   -133  -1733    541 |    105     10   -800 |      1      0      0 | 4  |   |  -103  121|| 
  81277715 | 212   0   0   0 | 340 200 340 200 |   -379  -1161   -557 |    281     39   1506 |      1      0      0 | 4  |   |  -105  121|| 
  81680482 | 212   0   0   0 | 280 280 280 280 |    446  -1464   2574 |   -950   -414  -1660 |      1      0      0 | 4  |   |  -11  121|| 
  82082616 | 212   0   0   0 | 340 200 340 200 |   -290   -650   1057 |    633    206    739 |      1      0      0 | 4  |   |  -106  121|| 
  82484937 | 212   0   0   0 | 220 340 220 340 |    328  -1484   5803 |   -346    353    290 |      1      0      0 | 4  |   |  87  121|| 
  82887642 | 212   0   0   0 | 260 300 260 300 |    135  -1826   3718 |     82   -122   -685 |      1      0      0 | 4  |   |  38  121|| 
  83289860 | 212   0   0   0 | 300 280 300 280 |   -243  -1161   1455 |    191   -198    136 |      1      0      0 | 4  |   |  -15  121|| 
  83692191 | 212   0   0   0 | 240 320 240 320 |    907  -1158   5047 |    145    347    566 |      1      0      0 | 4  |   |  67  121|| 
  84098435 | 212   0   0   0 | 260 300 260 300 |    146  -1234   4287 |   -340    -86   -940 |      1      0      0 | 4  |   |  37  121|| 
  84500659 | 212   0   0   0 | 340 200 340 200 |   -548   -560    677 |    121   -187    223 |      1      0      0 | 4  |   |  -102  121|| 
  84902370 | 212   0   0   0 | 260 300 260 300 |   1179   -575   4422 |    297    355    867 |      1      0      0 | 4  |   |  22  121|| 
  85304823 | 212   0   0   0 | 280 300 280 300 |    569  -1506   3905 |   -330     15   -918 |      1      0      0 | 4  |   |  15  121|| 
  85706800 | 212   0   0   0 | 340 220 340 220 |     33  -1587     43 |    211    -92    -57 |      1      0      0 | 4  |   |  -78  121|| 
  86108052 | 212   0   0   0 | 300 260 300 260 |    144  -1439    119 |   -191   -197    -99 |      1      0      0 | 4  |   |  -36  121|| 
  86509728 | 212   0   0   0 | 340 200 340 200 |   -420   -770    150 |    -54    -64    -25 |      1      0      0 | 4  |   |  -110  121|| 
  86911742 | 212   0   0   0 | 220 320 220 320 |   -412   -874    273 |    -92     71     50 |      1      0      0 | 4  |   |  71  121|| 
  87314051 | 212   0   0   0 | 240 320 240 320 |   -374   -686    325 |     -5     17     63 |      1      0      0 | 4  |   |  58  121|| 
  87716749 | 212   0   0   0 | 260 300 260 300 |   -389   -529    391 |    -58   -118     92 |      1      0      0 | 4  |   |  29  121|| 
  88119241 | 212   0   0   0 | 340 200 340 200 |    158   -992   -488 |     38    -51   -546 |      1      0      0 | 4  |   |  -101  121|| 
  88521258 | 212   0   0   0 | 340 220 340 220 |   -799   -279  -2328 |     96   -100    -46 |      1      0      0 | 4  |   |  -89  121|| 
count = 1
  88923654 | 212   0   0   0 | 320 240 320 240 |   -422    -89  -2328 |   -114    -99     18 |      2      0      0 | 4  |   |  103  121|| 
  89325877 | 212   0   0   0 | 240 320 240 320 |   -585    160  -2387 |      9    116    -40 |      2      0      0 | 4  |   |  -95  121|| 
  89728222 | 212   0   0   0 | 340 200 340 200 |   -319   -151  -1966 |     13    -77    -84 |      2      0      0 | 4  |   |  -51  121|| 
  90130955 | 212   0   0   0 | 300 260 300 260 |   -520     90  -2112 |     52     82     12 |      2      0      0 | 4  |   |  109  121|| 
  90533448 | 212   0   0   0 | 320 240 320 240 |   -515    125  -1909 |     56     -1     26 |      2      0      0 | 4  |   |  95  121|| 
  90935805 | 212   0   0   0 | 360 180 360 180 |   -420    106  -1922 |     28     94     53 |      2      0      0 | 4  |   |  68  121|| 
  91338533 | 212   0   0   0 | 300 260 300 260 |   -276    -90  -1601 |      2     57    262 |      2      0      0 | 4  |   |  115  121|| 
  91744077 | 212   0   0   0 | 260 300 260 300 |   -355    -42  -1652 |    -21    -54    -19 |      2      0      0 | 4  |   |  -116  121|| 
  92145870 | 212   0   0   0 | 220 320 220 320 |   -288    -81  -1393 |      4     34     86 |      2      0      0 | 4  |   |  35  121|| 
  92548070 | 212   0   0   0 | 320 240 320 240 |   -304     50  -1693 |    -16     63   -106 |      2      0      0 | 4  |   |  -29  121|| 
  92950069 | 212   0   0   0 | 300 260 300 260 |   -444     55  -1614 |    -36    -21    139 |      2      0      0 | 4  |   |  -18  121|| 
  93351775 | 212   0   0   0 | 240 320 240 320 |   -626    343  -1535 |    -24     32     87 |      2      0      0 | 4  |   |  34  121|| 
  93753721 | 212   0   0   0 | 340 200 340 200 |   -620    -67  -1197 |    -60    -13   -209 |      2      0      0 | 4  |   |  74  121|| 
  94155654 | 212   0   0   0 | 340 220 340 220 |   -634    -25  -1481 |     75     73    -90 |      2      0      0 | 4  |   |  -45  121|| 
  94557960 | 212   0   0   0 | 340 200 340 200 |   -273     87    321 |    362     67   1654 |      2      0      0 | 4  |   |  3  121|| 
  94960697 | 212   0   0   0 | 320 240 320 240 |    510  -2360   3124 |    -88   -102   -997 |      2      0      0 | 4  |   |  94  121|| 
  95362896 | 212   0   0   0 | 340 200 340 200 |   -257   -983  -1810 |    233   -199   -467 |      2      0      0 | 4  |   |  76  121|| 
  95764930 | 212   0   0   0 | 360 180 360 180 |    309   -488   2132 |     28   -417   1970 |      2      0      0 | 4  |   |  -57  121|| 
  96167662 | 212   0   0   0 | 220 320 220 320 |     72  -1486   1674 |    -42    -62  -1579 |      2      0      0 | 4  |   |  -92  121|| 
  96570139 | 212   0   0   0 | 360 180 360 180 |   -156   -376  -1322 |    412    100    823 |      2      0      0 | 4  |   |  66  121|| 
  96972511 | 212   0   0   0 | 300 260 300 260 |   1651  -1557   5534 |    -45    354   -243 |      2      0      0 | 4  |   |  108  121|| 
  97375628 | 212   0   0   0 | 200 340 200 340 |   -229  -1958  -1713 |   -150    -34  -2103 |      2      0      0 | 4  |   |  -80  121|| 
  97777804 | 212   0   0   0 | 340 220 340 220 |  -1830  -1056  -5498 |    233    151    290 |      2      0      0 | 4  |   |  87  121|| 
  98180132 | 212   0   0   0 | 300 260 300 260 |    507  -2101  -4339 |     14   -282   -759 |      2      0      0 | 4  |   |  112  121|| 
  98582234 | 212   0   0   0 | 200 340 200 340 |  -1113   -605  -6716 |     35    270    713 |      2      0      0 | 4  |   |  -80  121|| 
  98988320 | 212   0   0   0 | 340 200 340 200 |   -995   -914   -990 |    121   -288   1064 |      2      0      0 | 4  |   |  81  121|| 
  99390201 | 212   0   0   0 | 220 340 220 340 |   -338   -720    976 |     22   -146   -305 |      2      0      0 | 4  |   |  -86  121|| 
  99792319 | 212   0   0   0 | 180 360 180 360 |   -182   -436   -234 |    -58    -78   -325 |      2      0      0 | 4  |   |  -66  121|| 
 100193807 | 212   0   0   0 | 300 260 300 260 |    -95   -394  -1292 |    112     35   -125 |      2      0      0 | 4  |   |  -10  121|| 
 100595764 | 212   0   0   0 | 240 320 240 320 |     94   -327  -1543 |      4    -35    -33 |      2      0      0 | 4  |   |  -102  121|| 
 100997906 | 212   0   0   0 | 260 300 260 300 |     13   -275  -1705 |    -15    100    102 |      2      0      0 | 4  |   |  19  121|| 
 101399927 | 212   0   0   0 | 200 340 200 340 |    213   -365  -1469 |    -18    -30    -54 |      2      0      0 | 4  |   |  -81  121|| 
 101801410 | 212   0   0   0 | 280 280 280 280 |   -122   -212  -1647 |   -119     17     -3 |      2      0      0 | 4  |   |  124  121|| 
count = 1
 102203947 | 212   0   0   0 | 200 340 200 340 |   -238   -437  -1079 |    -25    -41      2 |      3      0      0 | 4  |   |  119  121|| 
 102606464 | 212   0   0   0 | 340 200 340 200 |   -448   -180  -1253 |     45     75     69 |      3      0      0 | 4  |   |  52  121|| 
 103008463 | 212   0   0   0 | 340 220 340 220 |   -523   -280  -1115 |   -100   -140   -126 |      3      0      0 | 4  |   |  -9  121|| 
 103410894 | 212   0   0   0 | 280 280 280 280 |   -407   -245  -1260 |     18    -39    -52 |      3      0      0 | 4  |   |  -83  121|| 
 103813389 | 212   0   0   0 | 260 300 260 300 |   -399   -157   -992 |    150     -6    283 |      3      0      0 | 4  |   |  94  121|| 
 104215692 | 212   0   0   0 | 240 320 240 320 |    -51   -301   -715 |    -56    -74    -66 |      3      0      0 | 4  |   |  -69  121|| 
 104618101 | 212   0   0   0 | 220 340 220 340 |    -96   -291   -579 |    -11    -66    264 |      3      0      0 | 4  |   |  113  121|| 
count = 1
 105020613 | 212   0   0   0 | 320 240 320 240 |    445   -476   2584 |    -64    256    196 |      4      0      0 | 4  |   |  -75  121|| 
 105423026 | 212   0   0   0 | 320 240 320 240 |  -1202   -169   -643 |     10   -460   -376 |      4      0      0 | 4  |   |  -15  121|| 
 105825748 | 212   0   0   0 | 360 180 360 180 |   1144  -1309   3660 |   -362    -50   -618 |      4      0      0 | 4  |   |  -29  121|| 
 106227940 | 212   0   0   0 | 320 240 320 240 |   -834   -335    846 |    879    -76   1034 |      4      0      0 | 4  |   |  111  121|| 
 106633311 | 212   0   0   0 | 320 220 320 220 |    747  -1540   3308 |   -906   -443  -1396 |      4      0      0 | 4  |   |  -19  121|| 
 107035506 | 212   0   0   0 | 260 300 260 300 |    146   -409   2622 |    787     39   1456 |      4      0      0 | 4  |   |  -55  121|| 
 107437600 | 212   0   0   0 | 340 220 340 220 |    115  -1354   3776 |   -169   -102   -945 |      4      0      0 | 4  |   |  42  121|| 
 107839455 | 212   0   0   0 | 260 300 260 300 |   1334   -627   6319 |    701    613   1585 |      4      0      0 | 4  |   |  72  121|| 
 108241199 | 212   0   0   0 | 300 260 300 260 |    715  -1188   3346 |     30   -201  -1599 |      4      0      0 | 4  |   |  -72  121|| 
 108642529 | 212   0   0   0 | 340 200 340 200 |   -654  -1068  -1722 |   -116    103  -1133 |      4      0      0 | 4  |   |  -26  121|| 
 109044181 | 212   0   0   0 | 340 200 340 200 |  -1737  -1867  -5234 |    366   -285   1043 |      4      0      0 | 4  |   |  102  121|| 
 109446347 | 212   0   0   0 | 340 200 340 200 |    980  -1740   2432 |   -197   -217   -172 |      4      0      0 | 4  |   |  37  121|| 
 109848874 | 212   0   0   0 | 260 300 260 300 |  -1224    -75  -5034 |    664   -421   1009 |      4      0      0 | 4  |   |  -120  121|| 
 110251234 | 212   0   0   0 | 340 200 340 200 |   1745  -2693   2722 |   -167   -376  -1072 |      4      0      0 | 4  |   |  -87  121|| 
 110653661 | 212   0   0   0 | 200 340 200 340 |   -808  -1363  -6773 |    496     62     31 |      4      0      0 | 4  |   |  90  121|| 
 111056177 | 212   0   0   0 | 320 240 320 240 |   2631  -2062   1946 |   -145    395     68 |      4      0      0 | 4  |   |  53  121|| 
 111458512 | 212   0   0   0 | 320 240 320 240 |  -1193   -295  -7192 |   -395   -743  -1209 |      4      0      0 | 4  |   |  50  121|| 
 111860958 | 212   0   0   0 | 280 300 280 300 |   1793  -1861    786 |    -52    924   2357 |      4      0      0 | 4  |   |  68  121|| 
 112263439 | 212   0   0   0 | 340 200 340 200 |   -382  -1354  -3954 |   -459   -468  -2160 |      4      0      0 | 4  |   |  -23  121|| 
 112665810 | 212   0   0   0 | 220 340 220 340 |     26  -1406  -2361 |    823    527   1150 |      4      0      0 | 4  |   |  -5  121|| 
 113068229 | 212   0   0   0 | 360 180 360 180 |    481   -824  -3299 |   -223   -453   -489 |      4      0      0 | 4  |   |  98  121|| 
 113470752 | 212   0   0   0 | 320 240 320 240 |    739     -4  -3400 |    199      1    137 |      4      0      0 | 4  |   |  -16  121|| 
 113876606 | 212   0   0   0 | 300 280 300 280 |   1044    -55  -3063 |   -138    -19     -3 |      4      0      0 | 4  |   |  124  121|| 
 114278824 | 212   0   0   0 | 280 280 280 280 |    756    263  -2825 |    -20     41    248 |      4      0      0 | 4  |   |  -127  121|| 
 114680438 | 212   0   0   0 | 340 220 340 220 |    815    397  -2616 |    -49    101    207 |      4      0      0 | 4  |   |  -86  121|| 
 115081492 | 212   0   0   0 | 240 320 240 320 |    766    336  -2637 |    -92     66    119 |      4      0      0 | 4  |   |  2  121|| 
 115484125 | 212   0   0   0 | 360 180 360 180 |    646    404  -2676 |    -95    -39     24 |      4      0      0 | 4  |   |  97  121|| 
 115885661 | 212   0   0   0 | 240 320 240 320 |    445    430  -2456 |    -94    -13    123 |      4      0      0 | 4  |   |  -2  121||
